       0
       0
       0
       0
       0
       0
       0
       0
       0
       0
       0
       0
       0
       0
       0
       0
       0
       0
       0
       0
       0
       0
       0
       0
       0
       0
       0
       0
       0
       1
      14
     281
     244
     140
      89
      56
      33
      11
      14
       4
       7
       3
       1
       2
       2
       1
       0
       0
       1
       3
       1
       0
       1
       0
       0
       3
       1
       1
       1
       1
       0
       0
       0
       3
       1
       0
       0
       0
       1
       1
       1
       0
       0
       0
       2
       1
       1
       1
       1
       2
       0
       1
       0
       0
       0
       0
       1
       0
       0
       0
       0
       2
       1
       0
       0
       0
       0
       1
       0
       1
       0
       1
       0
       0
       0
       1
       1
       1
       0
       0
       1
       0
       0
       1
       2
       0
       0
       0
       0
       0
       1
       0
       1
       0
       0
       0
       0
       0
       0
       0
       0
       2
       0
       0
       0
       0
       0
       1
       1
       0
       0
       0
       0
       0
       1
       0
       0
       0
       0
       0
       0
       0
       0
       1
       0
       0
       1
       0
       1
       0
       0
       0
       0
       0
       0
       0
       0
       0
       0
       0
       0
       0
       0
       0
       0
       0
       1
       0
       0
       0
       0
       0
       1
       0
       0
       0
       0
       0
       1
       0
       0
       0
       0
       0
       0
       0
       1
       2
       0
       0
       0
       0
       0
       0
       0
       0
       0
       0
       0
       0
       0
       0
       0
       0
       0
       0
       1
       0
       0
       0
       0
       1
       0
       1
       1
       0
       1
       1
       0
       1
       0
       0
       1
       0
       0
       1
       0
       0
       0
       0
       0
       0
       0
       0
       0
       1
       0
       1
       0
       0
       0
       0
       0
       0
       0
       0
       0
       0
       0
       0
       0
       0
       1
       0
       0
       0
       1
       0
       0
       0
       0
       0
       0
       2
       0
       0
       0
       0
       1
       0
       0
       0
       0
       0
       2
       0
       0
       1
       0
       0
       1
       0
       0
       0
       0
       0
       0
       0
       0
       0
       0
       0
       0
       0
       0
       1
       0
       0
       1
       1
       0
       0
       0
       1
       0
       0
       0
       0
       1
       0
       0
       0
       1
       0
       0
       0
       0
       0
       0
       0
       0
       0
       1
       0
       0
       3
       0
       2
       1
       1
       2
       1
       2
       1
       0
       1
       1
       3
       1
       5
       2
       0
       1
       2
       2
       3
       3
       3
       3
       2
       2
       1
       1
       2
       3
       4
       3
       1
       1
       2
       0
       1
       5
       6
       3
       5
       2
       3
       3
       5
       6
       1
       3
       8
       6
       3
       8
       4
      10
       2
       4
       4
       5
       4
       7
       1
       3
       5
       3
       4
       6
      10
       2
       2
       3
       5
       4
       7
       6
       5
       0
       4
       3
       4
       2
       2
       6
       7
       8
       3
       4
       2
       6
       7
       2
       1
       2
       3
       7
       2
       7
       5
       3
       8
       6
       5
       7
       5
       4
       3
       6
       4
       3
       7
       8
       4
       1
       6
       5
       0
       1
       3
       7
       2
       4
       2
       0
       6
       3
       5
       1
       9
       2
       4
       2
       2
       5
       5
       5
       1
       5
       2
       5
       5
       1
       3
       1
       4
       4
       3
       5
       6
       4
       2
       7
       4
       0
       3
       2
       4
       3
       4
       3
       2
       6
       3
       4
       6
       8
       6
       2
       2
       4
       2
       3
       1
       3
       1
       3
       3
       1
       1
       2
       1
       1
       2
       1
       1
       4
       1
       3
       1
       6
       3
       2
       5
       1
       2
       1
       4
       3
       2
       4
       3
       2
       0
       3
       4
       1
       1
       2
       6
       3
       1
       3
       1
       1
       3
       2
       2
       0
       2
       3
       3
       3
       3
       5
       5
       2
       4
       3
       5
       4
       3
       1
       1
       3
       2
       3
       2
       4
       0
       1
       4
       2
       1
       2
       1
       3
       0
       1
       2
       3
       6
       7
       3
       4
       2
       2
       1
       2
       6
       2
       3
       5
       4
       2
       3
       3
       6
       6
       3
       2
       1
       4
       2
       4
       4
       3
       3
       5
       2
       3
       0
       3
       5
       4
       2
       2
       6
       6
       2
       6
       1
       1
       3
       5
       2
       1
       3
       4
       3
       0
       3
       2
       1
       4
       4
       2
       3
       4
       3
       1
       5
       2
       1
       4
       2
       3
       2
       6
       2
       3
       5
       4
       4
       5
       2
       1
       3
       6
       3
      10
       5
       2
       0
       4
       2
       2
       7
       1
       3
       4
       3
       3
       3
       3
       5
       5
       2
       3
       1
       6
       7
       6
       3
       3
       5
       7
       4
       3
       3
       3
       4
       5
       2
       4
       2
       7
       1
       3
       7
       5
       7
       5
       1
       4
       5
       3
       4
       5
       4
       5
       4
       4
       4
       4
       2
       3
       4
       4
       1
       2
       2
       6
       5
       3
       3
       1
       2
       3
       3
       4
       4
       2
       4
       5
       2
       7
       3
       5
       3
       3
       2
       1
       3
       6
       2
       3
       5
       2
       4
       3
       3
       1
       1
       5
       3
       3
       6
       5
       4
       5
       3
       3
       7
       5
       1
       6
       4
       4
       2
       2
       5
       4
       2
       4
       2
       2
       3
       5
       6
       3
       5
       1
       5
       3
       2
       1
       6
       2
       1
       2
       3
       5
       2
       5
       4
       3
       3
       8
       6
       2
       5
       3
       2
       6
       6
       3
       3
       3
       4
       0
       5
       2
       5
       4
       4
       3
       2
       1
       3
       3
       5
       3
       2
       5
       5
       3
       0
       2
       2
       4
       2
       5
       3
       2
       3
       4
       1
       3
       4
       1
       4
       4
       3
       3
       6
       1
       4
       1
       2
       2
       4
       2
       4
       1
       3
       1
       4
       1
       2
       0
       1
       4
       3
       5
       2
       4
       2
       4
       4
       1
       2
       3
       3
       6
       2
       4
       1
       4
       3
       2
       2
       4
       4
       5
       1
       0
       2
       1
       0
       1
       3
       3
       4
       3
       2
       4
       4
       2
       1
       2
       3
       0
       2
       0
       3
       3
       4
       3
       3
       2
       1
       3
       4
       2
       6
       3
       1
       5
       1
       5
       3
       5
       1
       3
       3
       6
       6
       1
       5
       3
       2
       1
       1
       3
       5
       2
       7
       2
       3
       5
       3
       4
       1
       3
       2
       1
       5
       2
       6
       2
       1
       7
       2
       2
       1
       4
       2
       3
       0
       2
       5
       4
       3
       3
       2
       5
       3
       3
       4
       5
       2
       2
       1
       1
       4
       3
       4
       0
       3
       2
       5
       3
       6
       1
       3
       2
       4
       2
       5
       2
       6
       4
       2
       4
       3
       3
       4
       2
       4
       6
       4
       0
       4
       6
       3
       4
       4
       2
       5
       4
       7
       1
       2
       0
       3
       4
       2
       6
       5
       3
       3
       2
       5
       4
       0
       3
       5
       4
       5
       1
       4
       8
       6
       3
       1
       3
       4
       1
       3
       3
       4
       1
       4
       1
       5
       4
       3
       5
       3
       7
       5
       4
       5
       9
       6
       4
       5
       1
       5
       2
       3
       0
       2
       2
       7
       6
       3
       2
       2
       5
       5
       2
       4
       4
       7
       1
       9
       3
       4
       8
       4
       2
       3
       2
       5
       2
       2
       3
       4
       5
       2
       1
       2
       2
       3
       0
       3
       3
       1
       3
       5
       5
       4
       2
       2
       9
       3
       1
       4
       2
       4
       3
       6
       2
       1
       2
       3
       8
       2
       5
       1
       8
       4
       2
       3
       3
       6
       1
       1
       4
       4
       2
      11
       6
       2
       3
       4
       3
       3
       4
       2
       7
       4
       0
       4
       3
       7
       5
       4
       2
       4
       6
       6
       5
       8
       2
       9
       3
       3
       3
       2
       3
       2
       3
       5
       7
       2
       1
       4
       6
       2
       3
       4
       8
       2
       4
       1
       7
       4
       3
       4
       2
       1
       2
       3
       4
       3
       2
       7
       2
       3
       6
       1
       5
       4
       5
       5
       3
       4
       1
       4
       5
       4
       4
       5
       4
       4
       3
       4
       3
       4
       1
       5
       6
       5
       7
       4
       3
       4
       6
       5
       7
       8
       4
       2
       8
       5
       5
      10
       4
       5
       6
       4
       7
       7
       2
       2
       4
       6
       8
       4
       5
       6
       3
       5
       3
       9
       3
       4
       4
       7
       5
       4
       4
       5
       5
       5
       6
       3
       1
       7
       5
       6
      10
       6
       7
       3
       4
       2
       1
       6
       4
       4
       2
       6
       4
       3
       7
       5
       5
       7
       5
       7
       4
       2
       2
       6
       6
       1
       2
       3
       7
       5
       5
       4
       1
       3
       5
       3
       5
       4
       4
      10
       7
       4
       3
       8
       4
       2
       5
       6
       2
       7
       9
       7
       9
       7
       7
       3
       5
       4
       5
       3
       5
       2
       7
       3
       3
       3
      11
       4
       4
      10
       8
       4
       4
      10
       5
       2
       3
       4
       4
       5
       6
       6
       3
       7
       3
       3
       7
       4
       6
       9
       7
       4
       4
       1
      14
       5
       4
       3
       3
       3
       5
       2
       2
       7
      11
       1
       6
       4
       4
       6
       7
       7
       6
       4
       5
       8
       9
       6
       4
       5
       7
       5
       7
       3
       3
       2
       8
      10
       5
       5
       7
      10
       3
       7
       5
       7
       5
       8
       5
       9
       3
       0
       7
       8
       5
       3
       6
       6
       9
      10
      10
       6
       6
       7
       7
       6
       5
      12
       7
      15
       5
      10
      10
       6
       6
       9
       5
       9
      14
       6
      14
      15
       7
      13
      11
      12
      10
       9
      16
      13
      17
      16
      15
      19
      16
      16
      15
      16
      13
      15
      18
      22
      21
      16
      13
      24
      21
      28
      23
      23
      22
      13
      19
      19
      24
      24
      23
      23
      32
      30
      31
      30
      35
      22
      23
      26
      29
      32
      23
      35
      31
      31
      30
      34
      31
      38
      36
      39
      54
      26
      36
      49
      41
      51
      37
      32
      44
      52
      45
      50
      50
      42
      49
      55
      43
      50
      43
      54
      52
      44
      41
      67
      61
      52
      51
      53
      60
      46
      59
      40
      60
      39
      59
      38
      37
      38
      57
      57
      43
      43
      43
      36
      45
      35
      32
      35
      29
      22
      31
      17
      31
      24
      30
      13
      19
      25
      17
      18
      15
      15
       9
       7
      12
      12
       7
       1
       6
       3
       5
       1
       1
       4
       1
       2
       1
       1
       1
       1
       2
       1
       1
       0
       0
       0
       0
       1
       0
       0
       0
       0
       0
       0
       0
       0
       0
       0
       0
       0
       0
       0
       0
       0
       0
       0
       0
       0
       1
       0
       1
       0
       0
       0
       0
       0
       0
       0
       0
       0
       0
       0
       0
       0
       0
       0
       0
       0
       0
       0
       0
       0
       0
       0
       0
       0
       0
       0
       0
       0
       1
       0
       0
       0
       0
       0
       0
       0
       0
       0
       0
       0
       0
       0
       0
       1
       0
       0
       0
       0
       0
       0
       0
       0
       0
       0
       0
       0
       0
       0
       1
       0
       0
       0
       0
       0
       1
       0
       0
       0
       0
       0
       0
       0
       0
       0
       0
       0
       0
       1
       0
       0
       0
       0
       0
       0
       0
       0
       0
       2
       0
       0
       0
       0
       0
       0
       0
       0
       0
       2
       0
       0
       0
       0
       0
       0
       0
       1
       0
       0
       0
       0
       0
       0
       0
       0
       0
       0
       0
       1
       0
       0
       0
       0
       0
       0
       0
       0
       0
       0
       0
       0
       0
       0
       0
       0
       0
       0
       1
       1
       1
       0
       0
       1
       0
       0
       0
       0
       0
       0
       0
       0
       0
       0
       0
       0
       0
       0
       0
       0
       0
       0
       0
       0
       0
       0
       0
       0
       0
       0
       1
       0
       0
       0
       1
       0
       0
       0
       0
       0
       0
       0
       0
       0
       0
       0
       0
       0
       0
       0
       0
       0
       0
       0
       1
       0
       0
       0
       0
       0
       0
       0
       0
       0
       0
       0
       0
       0
       0
       0
       0
       0
       0
       0
       0
       0
       0
       0
       0
       0
       0
       0
       0
       0
       0
       0
       0
       0
       0
       0
       0
       0
       0
       0
       0
       0
       0
       0
       0
       0
       0
       0
       0
       0
       0
       0
       0
       0
       0
       0
       0
       0
       0
       0
       0
       0
       0
       0
       0
       0
       0
       0
       0
       0
       0
       0
       0
       0
       0
       0
       0
       0
       0
       0
       0
       0
       0
       0
       0
       0
       0
       0
       0
       0
       0
       0
       0
       0
       0
       0
       0
       0
       0
       0
       0
       0
       0
       0
       0
       0
       0
       0
       0
       0
       0
       0
       0
       0
       0
       0
       0
       0
       0
       0
       0
       0
       0
       0
       0
       0
       0
       0
       0
       0
       0
       0
       0
       0
       0
       0
       0
       0
       0
       0
       0
       0
       0
       0
       0
       0
       0
       0
       0
       0
       0
       0
       0
       0
       0
       0
       0
       0
       0
       0
       0
       0
       0
       0
       0
       0
       0
       0
       0
       0
       0
       0
       0
       0
       0
       0
       0
       0
       0
       0
       0
       0
       0
       0
       0
       0
       0
       0
       0
       0
       0
       0
       0
       0
       0
       0
       0
       0
       0
       0
       0
       0
       0
       0
       0
       0
       0
       0
       0
       0
       0
       0
       0
       0
       0
       0
       0
       0
       0
       0
       0
       0
       0
       0
       0
       0
       0
       0
       0
       0
       0
       0
       0
       0
       0
       0
       0
       0
       0
       0
       0
       0
       0
       0
       0
       0
       0
       0
       0
       0