$SPEC_ID:
Cobalt
$SPEC_REM:
DET# 1
DETDESC# PHYS-593-E Easy-MCA-2k SN 08353242
AP# Maestro Version 7.01
$DATE_MEA:
10/31/2018 15:05:40
$MEAS_TIM:
899 900
$DATA:
0 2047
       0
       0
       0
       0
       0
       0
       0
       0
       1
       0
       0
       0
       0
       0
       0
       0
       0
       0
       0
       0
       0
       0
       0
       0
       0
       0
       0
       0
       0
       0
       0
       0
       0
       0
       0
       0
       0
       0
       0
       0
       0
       0
       0
       0
       0
       0
       0
       0
       0
       0
       0
       0
       0
       0
       0
       0
       0
       0
       0
       0
       0
       0
       0
       0
       0
       0
       0
       0
       0
       0
       0
       1
       0
       0
       1
       0
       1
       0
       2
       2
       0
       1
       0
       1
       0
       2
       0
       0
       0
       1
       0
       2
       1
       1
       0
       0
       1
       0
       1
       1
       2
       1
       0
       2
       0
       0
       0
       0
       0
       1
       2
       0
       0
       0
       0
       0
       0
       0
       0
       0
       1
       0
       0
       0
       0
       1
       0
       1
       0
       0
       0
       0
       0
       0
       0
       2
       0
       0
       0
       0
       0
       0
       0
       0
       0
       1
       0
       0
       0
       0
       0
       2
       0
       0
       2
       0
       0
       0
       0
       0
       0
       2
       1
       0
       1
       0
       0
       0
       0
       0
       0
       0
       1
       0
       0
       0
       1
       0
       1
       0
       0
       1
       0
       0
       0
       0
       1
       0
       0
       0
       2
       0
       0
       1
       0
       0
       0
       0
       0
       0
       0
       0
       0
       0
       0
       0
       0
       0
       1
       0
       0
       2
       0
       1
       0
       2
       0
       0
       2
       0
       2
       3
       1
       2
       0
       0
       2
       1
       0
       1
       0
       1
       1
       4
       3
       2
       1
       5
       2
       0
       2
       4
       3
       2
       1
       6
       2
       4
       0
       6
       2
       3
       1
       9
       2
       5
       5
       5
       6
       5
       4
       4
       4
       5
       3
       3
       2
       4
       6
       6
       3
       6
      10
       5
       9
       9
       8
       8
       8
       7
       5
       6
      10
       6
       2
       8
       4
       4
       9
       2
       0
       6
       3
       5
       5
       8
       5
       6
       5
       6
       3
       8
       5
       6
       7
       2
       6
       6
       7
       3
       7
       5
       5
       5
       5
       4
       3
       5
       5
       5
       5
       8
       3
       6
       2
       9
       9
       7
       5
       3
       5
       3
       6
       6
       2
       2
       2
       6
       6
       2
       3
       7
       5
       4
       6
       8
       3
       7
       3
       1
       1
       4
       6
       4
       3
       2
       8
       5
       7
       5
       0
       4
       7
       6
       4
       3
       7
       3
       4
       9
       6
       3
       5
       3
       3
       3
       1
       7
       1
       5
       5
       4
       6
       2
       6
       5
       2
       3
       3
       7
       6
       3
       2
       2
       8
       4
       3
       4
       5
       6
       2
       6
       1
       3
       2
       5
       1
       8
       5
       5
       1
       7
       3
       2
       5
       4
       3
       5
       4
       1
       3
       4
       5
       9
       4
       2
       9
       5
       8
       4
       2
       4
       5
       1
       3
       4
       8
       5
       2
       3
       6
       6
       3
       5
       3
       3
       4
       1
       7
       4
       1
       5
       7
       4
       4
       4
       8
       4
       7
       2
       5
       2
       8
       4
       6
       6
       1
       4
       3
       2
       4
       5
       3
       3
       6
       7
       3
       4
       1
       5
       1
       5
       5
       3
       7
       3
       0
       2
       4
       4
       4
       3
       7
       2
       4
       4
       2
       4
       3
       4
       3
       1
       4
       3
       4
       5
       7
       2
       5
       7
       5
       3
       4
       3
       6
       6
       6
       1
       4
       7
       3
       3
       1
       3
       7
       1
       7
       4
       6
       4
       8
       3
       7
       3
       9
       9
       6
       8
       6
       3
       6
      11
       4
       6
       2
       5
       5
       4
       5
       2
       5
       3
       2
       3
       4
       3
       5
       6
       7
       5
       7
       7
       4
       3
       4
       2
       3
       4
       3
       3
       2
       6
       4
       5
       4
       3
       8
       4
       1
       7
       8
       6
       2
       3
       0
       5
       3
       3
       3
       2
       7
       4
       4
       4
      11
       6
       5
       5
       8
       5
       2
       4
       3
       3
       3
       3
       3
       5
       4
       2
       6
       3
       8
       3
       2
       6
       6
       2
       6
       1
       2
       2
       5
       2
       6
       7
       4
       1
       8
       3
       4
       4
       5
       4
       7
       7
       1
       3
       4
       2
       4
       6
       3
       4
       1
       4
       4
       6
       4
       8
       0
       4
       3
       2
       3
       3
       3
       3
       3
       2
       4
       3
       2
       3
       2
       3
       2
       5
       4
       3
       5
       4
       4
       5
       4
       4
       3
       5
       1
       3
       2
       4
       6
       6
       4
       2
       0
       2
       2
       4
       5
       1
       4
       1
       1
       2
       2
       4
       6
       4
       2
       3
       2
       4
       4
       8
       3
       8
       5
       1
       3
       2
       2
       7
       6
       7
       2
       5
       2
       2
       7
       5
       4
       5
       4
       6
       1
       6
       8
       9
       3
       2
       5
       1
       4
       3
       2
       6
       3
       6
       5
       3
       4
       7
       2
       7
       4
       4
       4
       4
       3
       1
       8
       3
       5
       7
       3
       3
       2
       7
       5
       3
       2
       5
       3
       5
       5
       4
       4
       5
       5
       3
       5
       2
       5
       5
       3
       8
       2
       6
       6
       3
       6
       5
       5
       8
       5
       5
       6
       4
       4
       3
       5
       5
       5
       4
       8
       4
       4
       7
       5
       4
       3
       5
       4
       4
       5
       6
       5
       5
       1
       1
       8
       4
       5
       7
       1
       5
       3
       8
       8
       7
       2
       2
       4
       3
       8
       9
       3
       3
       5
       4
       1
       7
       4
       2
       5
       1
       4
       5
       4
       5
       5
       3
       5
       4
       6
       6
       5
       2
       4
       6
       2
       3
       6
       6
       9
       5
       7
       5
       3
       9
       4
       4
       2
       3
       5
       3
       3
       7
       5
       3
       8
       5
       4
       9
       6
       4
       5
       7
       3
       2
       9
       6
       4
       2
       5
       6
       3
       3
       3
       7
       3
       2
       2
       3
       5
       7
       4
       8
       6
       4
       4
       5
       6
       5
       3
       4
       3
       6
       6
       7
       6
       7
       2
       3
       8
       7
       6
       8
       4
       7
       5
       9
       9
       6
       6
       7
       4
       3
       3
       5
      10
       4
       7
       6
       5
       7
       8
       4
       9
       5
       8
       9
       4
       5
       5
       7
       5
       8
       8
       6
       3
       9
       8
       6
       4
       5
      11
       8
       6
       4
       1
       7
       6
       2
       3
       7
       5
       4
       6
      10
      10
       3
       7
       2
       6
       8
       6
       6
       7
       9
       5
      10
       3
      11
       7
      10
       4
       9
       9
       3
       8
       3
       3
       7
      10
       7
       7
       5
      14
       6
       4
      12
      11
       8
      13
       9
      13
       5
       9
      10
       7
       5
       9
       8
      11
      11
      14
       9
       8
       5
      16
      10
       7
      12
      14
      11
       6
      10
       7
      10
       7
      14
      13
       9
      14
      12
      11
       4
      15
      15
      12
      19
       9
       9
      11
      10
      14
       9
      10
      14
      16
      12
      16
      14
      16
      11
      11
       9
      14
      18
      10
      23
      13
      20
      24
      17
      17
      15
      14
      17
      26
      26
      16
      19
      22
      20
      23
      27
      23
      17
      25
      21
      24
      24
      32
      23
      24
      28
      28
      25
      23
      22
      35
      26
      22
      39
      25
      23
      25
      32
      32
      38
      31
      32
      33
      23
      21
      38
      35
      27
      36
      29
      29
      35
      40
      36
      28
      24
      32
      37
      39
      34
      47
      30
      41
      26
      29
      39
      46
      33
      39
      42
      33
      46
      27
      31
      23
      31
      26
      29
      27
      40
      31
      35
      29
      23
      45
      35
      25
      30
      28
      24
      23
      24
      33
      42
      26
      28
      30
      30
      28
      29
      30
      24
      27
      24
      27
      26
      20
      20
      30
      24
      18
      24
      14
      26
      19
      26
      18
      23
      24
      19
      18
      11
      16
      17
      12
      12
      18
      12
      13
      11
       9
      11
      11
      10
       9
      13
       7
      12
       8
      10
       7
       7
       7
       4
       4
       7
       5
       4
      13
       7
       3
       1
       4
       0
       3
       3
       4
       5
       2
       3
       1
       1
       4
       1
       5
       3
       1
       3
       2
       2
       1
       1
       0
       2
       1
       1
       0
       3
       2
       1
       0
       1
       2
       0
       1
       0
       0
       0
       1
       0
       1
       0
       0
       0
       0
       0
       0
       0
       0
       0
       0
       1
       0
       1
       1
       0
       0
       0
       0
       0
       0
       1
       0
       0
       0
       0
       0
       0
       0
       0
       0
       0
       1
       0
       0
       0
       0
       0
       0
       0
       0
       0
       0
       0
       0
       1
       0
       0
       0
       0
       0
       0
       1
       0
       0
       0
       0
       0
       0
       0
       0
       0
       0
       0
       0
       0
       0
       0
       0
       0
       0
       0
       0
       0
       0
       0
       0
       0
       0
       0
       0
       0
       0
       0
       0
       0
       0
       0
       0
       0
       0
       0
       0
       0
       0
       0
       0
       0
       0
       0
       0
       0
       0
       0
       0
       0
       0
       0
       0
       0
       0
       0
       1
       0
       0
       0
       0
       0
       0
       0
       0
       0
       0
       0
       0
       0
       0
       0
       0
       0
       0
       0
       1
       0
       0
       0
       0
       1
       0
       0
       0
       0
       0
       0
       0
       0
       0
       0
       0
       0
       0
       0
       0
       0
       0
       0
       0
       0
       0
       0
       0
       0
       0
       0
       0
       0
       0
       0
       0
       0
       0
       0
       0
       0
       0
       0
       0
       0
       0
       0
       0
       0
       0
       0
       0
       0
       0
       0
       1
       0
       0
       0
       0
       0
       0
       0
       1
       0
       0
       0
       0
       0
       0
       0
       0
       0
       0
       0
       0
       0
       0
       0
       0
       0
       0
       0
       0
       0
       0
       1
       0
       0
       0
       0
       1
       0
       0
       0
       0
       0
       0
       0
       1
       0
       0
       0
       0
       0
       0
       0
       0
       0
       0
       0
       0
       0
       0
       0
       0
       0
       0
       0
       0
       0
       1
       0
       0
       0
       0
       0
       0
       0
       0
       0
       0
       0
       0
       0
       0
       0
       0
       0
       0
       0
       0
       0
       0
       0
       0
       0
       0
       0
       0
       1
       0
       0
       0
       0
       0
       0
       0
       0
       0
       0
       0
       0
       0
       0
       0
       0
       0
       1
       0
       0
       0
       0
       0
       0
       0
       0
       0
       0
       0
       0
       0
       0
       0
       0
       0
       0
       0
       0
       0
       0
       0
       0
       0
       0
       0
       0
       0
       0
       0
       0
       0
       1
       0
       0
       1
       1
       0
       1
       0
       0
       0
       1
       0
       0
       0
       0
       0
       0
       0
       0
       0
       0
       0
       0
       0
       0
       0
       1
       0
       0
       0
       0
       0
       0
       0
       0
       0
       1
       1
       0
       0
       0
       0
       0
       0
       0
       0
       1
       0
       0
       0
       0
       0
       0
       0
       0
       1
       0
       0
       1
       0
       0
       0
       0
       0
       0
       0
       0
       0
       0
       1
       0
       0
       0
       0
       1
       1
       0
       0
       0
       0
       0
       0
       0
       0
       0
       0
       0
       0
       0
       2
       0
       0
       0
       0
       0
       0
       0
       0
       0
       0
       0
       0
       0
       0
       0
       0
       1
       0
       1
       0
       0
       0
       0
       0
       0
       0
       0
       0
       0
       0
       0
       0
       0
       1
       0
       0
       0
       0
       0
       0
       0
       0
       0
       0
       0
       0
       0
       0
       0
       0
       0
       0
       0
       0
       0
       0
       0
       0
       0
       0
       0
       0
       0
       0
       0
       0
       0
       0
       0
       0
       0
       0
       0
       0
       0
       1
       0
       0
       0
       0
       0
       0
       0
       0
       0
       0
       0
       0
       0
       0
       0
       0
       0
       0
       0
       0
       0
       0
       0
       0
       1
       0
       0
       0
       0
       0
       0
       0
       0
       0
       0
       0
       1
       0
       0
       0
       1
       0
       0
       0
       0
       0
       1
       0
       0
       0
       0
       0
       0
       0
       0
       0
       0
       0
       0
       0
       0
       0
       0
       0
       0
       0
       0
       0
       0
       0
       0
       0
       0
       0
       0
       0
       0
       0
       0
       0
       0
       0
       0
       0
       0
       0
       0
       0
       0
       0
       0
       0
       0
       0
       0
       0
       0
       0
       0
       0
       0
       0
       0
       0
       0
       0
       0
       0
       0
       0
       0
       0
       0
       0
       0
       0
       0
       0
       0
       0
       0
       0
       0
       0
       0
       0
       0
       0
       0
       0
       0
       0
       0
       0
       0
       0
       0
       0
       0
       0
       0
       0
       0
       0
       0
       0
       0
       0
       0
       0
       0
       0
       0
       0
       0
       0
       0
       0
       0
       0
       0
       0
       0
       0
       0
       0
       0
       0
       0
       0
       0
       0
       0
       0
       0
       0
       0
       0
       0
       0
       0
       0
       0
       0
       0
       0
       0
       0
       0
       0
       0
       0
       0
       0
       0
       0
       0
       0
       0
       0
       0
       0
       0
       0
       0
       0
       0
       0
       0
       0
       0
       0
       0
       0
       0
       0
       0
       0
       0
       0
       0
       0
       0
       0
       0
       0
       0
       0
       0
       0
       0
       0
       0
       0
       0
       0
       0
       0
       0
       0
       0
       0
       0
       0
       0
       0
       0
       0
       0
       0
       0
       0
       0
       0
       0
       0
       0
       0
       0
       0
       0
       0
       0
       0
       0
       0
       0
       0
       0
       0
       0
       0
       0
       0
       0
       0
       0
       0
       0
       0
       0
       0
       0
       0
       0
       0
       0
       0
       0
       0
       0
       0
       0
$ROI:
0
$PRESETS:
Real Time
900
0
$ENER_FIT:
0.000000 0.000000
$MCA_CAL:
3
0.000000E+000 0.000000E+000 0.000000E+000 
$SHAPE_CAL:
3
0.000000E+000 0.000000E+000 0.000000E+000
