<bound method NDFrame.to_latex of      cpm        sig
v                  
420    1   1.000000
430    3   1.732051
440    3   1.732051
450    5   2.236068
460    9   3.000000
462   31   5.567764
463   41   6.403124
464   80   8.944272
465   82   9.055385
466   74   8.602325
470   94   9.695360
480   92   9.591663
490  115  10.723805
500   99   9.949874
510  120  10.954451
520  104  10.198039
530  126  11.224972
540  115  10.723805
550  124  11.135529
560  140  11.832160
570  123  11.090537
580  108  10.392305
590  125  11.180340
600  123  11.090537
610  130  11.401754
620  121  11.000000
630  118  10.862780
640  145  12.041595
650  142  11.916375
660  125  11.180340
670  155  12.449900
680  117  10.816654
690  148  12.165525
700  138  11.747340
710  114  10.677078
720  134  11.575837
730  141  11.874342
740  145  12.041595
750  158  12.569805
760  143  11.958261
770  142  11.916375
780  160  12.649111
790  174  13.190906
800  168  12.961481
810  151  12.288206
820  177  13.304135
830  159  12.609520>
