ID       |B     |R_Sun|R_gc |[Fe/H]|sig_v|r_h |lg(th)
NGC 104  |-44.89|  4.5|  7.4| -0.72|11.0 |3.17| 9.55
NGC 288  |-89.38|  8.9| 12.0| -1.32| 2.9 |2.23| 9.32
NGC 362  |-46.25|  8.6|  9.4| -1.26| 6.4 |0.82| 8.93
Whiting 1|-60.76| 30.1| 34.5| -0.70|     |0.22| 7.93
NGC 1261 |-52.12| 16.3| 18.1| -1.27|     |0.68| 9.12
Pal 1    | 19.03| 11.1| 17.2| -0.65|     |0.46| 7.76
AM 1     |-48.47|123.3|124.6| -1.70|     |0.41| 9.61
Eridanus |-41.33| 90.1| 95.0| -1.43|     |0.46| 9.54
Pal 2    | -9.07| 27.2| 35.0| -1.42|     |0.50| 9.28
NGC 1851 |-35.03| 12.1| 16.6| -1.18|10.4 |0.51| 8.82
NGC 1904 |-29.35| 12.9| 18.8| -1.60| 5.3 |0.65| 8.95
NGC 2298 |-16.00| 10.8| 15.8| -1.92|     |0.98| 8.84
NGC 2419 | 25.24| 82.6| 89.9| -2.15| 4.0 |0.89|10.63
Ko 2     | 25.54| 34.7| 41.9|      |     |0.21| 7.70
Pyxis    |  7.00| 39.4| 41.4| -1.20|     |    |
NGC 2808 |-11.25|  9.6| 11.1| -1.14|13.4 |0.80| 9.15
E 3      |-19.02|  8.1|  9.1| -0.83|     |2.10| 8.80
Pal 3    | 41.86| 92.5| 95.7| -1.63|     |0.65| 9.88
NGC 3201 |  8.64|  4.9|  8.8| -1.59| 5.0 |3.10| 9.27
Pal 4    | 71.80|108.7|111.2| -1.41|     |0.51| 9.42
Ko 1     | 70.75| 48.3| 49.3|      |     |0.26| 8.62
NGC 4147 | 77.19| 19.3| 21.4| -1.80| 2.6 |0.48| 8.74
NGC 4372 | -9.88|  5.8|  7.1| -2.17|     |3.91| 9.59
Rup 106  | 11.67| 21.2| 18.5| -1.68|     |1.05| 9.34
NGC 4590 | 36.05| 10.3| 10.2| -2.23| 2.5 |1.51| 9.27
NGC 4833 | -8.02|  6.6|  7.0| -1.85|     |2.41| 9.42
NGC 5024 | 79.76| 17.9| 18.4| -2.10| 4.4 |1.31| 9.76
NGC 5053 | 78.95| 17.4| 17.8| -2.27| 1.4 |2.61| 9.87
NGC 5139 | 14.97|  5.2|  6.4| -1.53|16.8 |5.00|10.09
NGC 5272 | 78.71| 10.2| 12.0| -1.50| 5.5 |2.31| 9.79
NGC 5286 | 10.57| 11.7|  8.9| -1.69| 8.1 |0.73| 9.11
AM 4     | 33.51| 32.2| 27.8| -1.30|     |0.43| 8.32
NGC 5466 | 73.59| 16.0| 16.3| -1.98| 1.7 |2.30| 9.76
NGC 5634 | 49.26| 25.2| 21.2| -1.88|     |0.86| 9.54
NGC 5694 | 30.36| 35.0| 29.4| -1.98| 5.8 |0.40| 9.27
IC 4499  |-20.47| 18.8| 15.7| -1.53| 2.5 |1.71| 9.73
NGC 5824 | 22.07| 32.1| 25.9| -1.91|11.6 |0.45| 9.47
Pal 5    | 45.86| 23.2| 18.6| -1.41| 1.1 |2.73| 9.82
NGC 5897 | 30.29| 12.5|  7.4| -1.90|     |2.06| 9.57
NGC 5904 | 46.80|  7.5|  6.2| -1.29| 5.5 |1.77| 9.41
NGC 5927 |  4.86|  7.7|  4.6| -0.49|     |1.10| 8.94
NGC 5946 |  4.19| 10.6|  5.8| -1.29| 4.0 |0.89| 8.91
BH 176   |  4.34| 18.9| 12.9|  0.00|     |0.90| 8.79
NGC 5986 | 13.27| 10.4|  4.8| -1.59|     |0.98| 9.18
Lynga 7  | -2.80|  8.0|  4.3| -1.01|     |1.20| 8.83
Pal 14   | 42.19| 76.5| 71.6| -1.62| 0.4 |1.22|10.02
NGC 6093 | 19.46| 10.0|  3.8| -1.75|12.4 |0.61| 8.80
NGC 6121 | 15.97|  2.2|  5.9| -1.16| 4.0 |4.33| 8.93
NGC 6101 |-15.82| 15.4| 11.2| -1.98|     |1.05| 9.22
NGC 6144 | 15.70|  8.9|  2.7| -1.76|     |1.63| 9.14
NGC 6139 |  6.94| 10.1|  3.6| -1.65|     |0.85| 9.05
Terzan 3 |  9.19|  8.2|  2.5| -0.74|     |1.25| 8.57
NGC 6171 | 23.01|  6.4|  3.3| -1.02| 4.1 |1.73| 9.00
1636-283 | 12.10|  8.3|  2.1| -1.50|     |0.50| 7.87
NGC 6205 | 40.91|  7.1|  8.4| -1.53| 7.1 |1.69| 9.30
NGC 6229 | 40.31| 30.5| 29.8| -1.47|     |0.36| 9.15
NGC 6218 | 26.31|  4.8|  4.5| -1.37| 4.5 |1.77| 8.87
FSR 1735 | -1.85|  9.8|  3.7|      |     |0.34| 8.11
NGC 6235 | 13.52| 11.5|  4.2| -1.28|     |1.00| 8.89
NGC 6254 | 23.08|  4.4|  4.6| -1.56| 6.6 |1.95| 8.90
NGC 6256 |  3.31| 10.3|  3.0| -1.02| 6.6 |0.86| 8.86
Pal 15   | 24.30| 45.1| 38.4| -2.07|     |1.10| 9.72
NGC 6266 |  7.32|  6.8|  1.7| -1.18|14.3 |0.92| 8.98
NGC 6273 |  9.38|  8.8|  1.7| -1.74|     |1.32| 9.38
NGC 6284 |  9.94| 15.3|  7.5| -1.26| 6.3 |0.66| 9.09
NGC 6287 | 11.02|  9.4|  2.1| -2.10|     |0.74| 8.75
NGC 6293 |  7.83|  9.5|  1.9| -1.99| 7.7 |0.89| 8.94
NGC 6304 |  5.38|  5.9|  2.3| -0.45|     |1.42| 8.85
NGC 6316 |  5.76| 10.4|  2.6| -0.45|     |0.65| 8.89
NGC 6341 | 34.86|  8.3|  9.6| -2.31| 6.0 |1.02| 9.02
NGC 6325 |  8.00|  7.8|  1.1| -1.25| 5.9 |0.63| 8.45
NGC 6333 | 10.71|  7.9|  1.7| -1.77|     |0.96| 8.90
NGC 6342 |  9.72|  8.5|  1.7| -0.55| 5.2 |0.73| 8.51
NGC 6356 | 10.22| 15.1|  7.5| -0.40|     |0.81| 9.30
NGC 6355 |  5.43|  9.2|  1.4| -1.37|     |0.88| 8.96
NGC 6352 | -7.17|  5.6|  3.3| -0.64|     |2.05| 8.92
IC 1257  | 15.15| 25.0| 17.9| -1.70|     |1.40| 9.60
Terzan 2 |  2.30|  7.5|  0.8| -0.69|     |1.52| 8.82
NGC 6366 | 16.04|  3.5|  5.0| -0.59| 1.3 |2.92| 8.73
Terzan 4 |  1.31|  7.2|  1.0| -1.41|     |1.85| 8.70
HP 1     |  2.12|  8.2|  0.5| -1.00|     |3.10| 9.44
NGC 6362 |-17.57|  7.6|  5.1| -0.99| 2.8 |2.05| 9.20
Liller 1 | -0.16|  8.2|  0.8| -0.33|     |    | 0.00
NGC 6380 | -3.42| 10.9|  3.3| -0.75|     |0.74| 8.86
Terzan 1 |  1.00|  6.7|  1.3| -1.03|     |3.82| 9.12
Ton 2    | -3.42|  8.2|  1.4| -0.70|     |1.30| 8.82
NGC 6388 | -6.74|  9.9|  3.1| -0.55|18.9 |0.52| 8.90
NGC 6402 | 14.81|  9.3|  4.0| -1.28|     |1.30| 9.39
NGC 6401 |  3.98| 10.6|  2.7| -1.02|     |1.91| 9.53
NGC 6397 |-11.96|  2.3|  6.0| -2.02| 4.5 |2.90| 8.60
Pal 6    |  1.78|  5.8|  2.2| -0.91|     |1.20| 8.64
NGC 6426 | 16.23| 20.6| 14.4| -2.15|     |0.92| 9.28
Djorg 1  | -2.47| 13.7|  5.7| -1.51|     |1.59| 0.00
Terzan 5 |  1.69|  6.9|  1.2| -0.23|     |0.72| 8.53
NGC 6440 |  3.80|  8.5|  1.3| -0.36|     |0.48| 8.62
NGC 6441 | -5.01| 11.6|  3.9| -0.46|18.0 |0.57| 9.09
Terzan 6 | -2.16|  6.8|  1.3| -0.56|     |0.44| 8.22
NGC 6453 | -3.87| 11.6|  3.7| -1.50|     |0.44| 8.52
UKS 1    |  0.76|  7.8|  0.7| -0.64|     |    | 0.00
NGC 6496 |-10.01| 11.3|  4.2| -0.46|     |1.02| 9.04
Terzan 9 | -1.99|  7.1|  1.1| -1.05|     |0.78| 8.00
Djorg 2  | -2.50|  6.3|  1.8| -0.65|     |1.05| 0.00
NGC 6517 |  6.76| 10.6|  4.2| -1.23|     |0.50| 8.72
Terzan 10| -1.99|  5.8|  2.3| -1.00|     |1.55| 8.74
NGC 6522 | -3.93|  7.7|  0.6| -1.34| 6.7 |1.00| 8.86
NGC 6535 | 10.44|  6.8|  3.9| -1.79| 2.4 |0.85| 8.20
NGC 6528 | -4.17|  7.9|  0.6| -0.11|     |0.38| 8.06
NGC 6539 |  6.78|  7.8|  3.0| -0.63|     |1.70| 9.32
NGC 6540 | -3.31|  5.3|  2.8| -1.35|     |    | 0.00
NGC 6544 | -2.20|  3.0|  5.1| -1.40|     |1.21| 8.24
NGC 6541 |-11.19|  7.5|  2.1| -1.81| 8.2 |1.06| 9.03
2MS-GC01 |  0.11|  3.6|  4.5|      |     |1.65| 8.43
ESO-SC06 |-12.57| 21.4| 14.0| -1.80|     |1.05| 9.10
NGC 6553 | -3.03|  6.0|  2.2| -0.18|     |1.03| 8.72
2MS-GC02 | -0.61|  4.9|  3.2| -1.08|     |0.55| 7.72
NGC 6558 | -6.02|  7.4|  1.0| -1.32| 3.1 |2.15| 9.12
IC 1276  |  5.67|  5.4|  3.7| -0.75|     |2.38| 9.03
Terzan 12| -2.10|  4.8|  3.4| -0.50|     |0.75| 7.78
NGC 6569 | -6.68| 10.9|  3.1| -0.76|     |0.80| 9.05
BH 261   | -5.27|  6.5|  1.7| -1.30|     |0.55| 7.80
GLIMPSE02| -0.64|  5.5|  3.0| -0.33|     |    |
NGC 6584 |-16.41| 13.5|  7.0| -1.50|     |0.73| 9.02
NGC 6624 | -7.91|  7.9|  1.2| -0.44| 5.4 |0.82| 8.71
NGC 6626 | -5.58|  5.5|  2.7| -1.32| 8.6 |1.97| 9.17
NGC 6638 | -7.15|  9.4|  2.2| -0.95|     |0.51| 8.46
NGC 6637 |-10.27|  8.8|  1.7| -0.64|     |0.84| 8.82
NGC 6642 | -6.44|  8.1|  1.7| -1.26|     |0.73| 8.52
NGC 6652 |-11.38| 10.0|  2.7| -0.81|     |0.48| 8.39
NGC 6656 | -7.55|  3.2|  4.9| -1.70| 7.8 |3.36| 9.23
Pal 8    | -6.79| 12.8|  5.5| -0.37|     |0.58| 8.47
NGC 6681 |-12.51|  9.0|  2.2| -1.62| 5.2 |0.71| 8.65
GLIMPSE01| -0.10|  4.2|  4.9|      |     |0.65| 7.89
NGC 6712 | -4.32|  6.9|  3.5| -1.02| 4.3 |1.33| 8.95
NGC 6715 |-14.09| 26.5| 18.9| -1.49|10.5 |0.82| 9.93
NGC 6717 |-10.90|  7.1|  2.4| -1.26|     |0.68| 8.22
NGC 6723 |-17.30|  8.7|  2.6| -1.10|     |1.53| 9.24
NGC 6749 | -2.21|  7.9|  5.0| -1.60|     |1.10| 8.78
NGC 6752 |-25.63|  4.0|  5.2| -1.54| 4.9 |1.91| 8.87
NGC 6760 | -3.92|  7.4|  4.8| -0.40|     |1.27| 9.01
NGC 6779 |  8.34|  9.4|  9.2| -1.98| 4.0 |1.10| 9.01
Terzan 7 |-20.07| 22.8| 15.6| -0.32|     |0.77| 8.96
Pal 10   |  2.72|  5.9|  6.4| -0.10|     |0.99| 8.37
Arp 2    |-20.79| 28.6| 21.4| -1.75|     |1.77| 9.70
NGC 6809 |-23.27|  5.4|  3.9| -1.94| 4.0 |2.83| 9.29
Terzan 8 |-24.56| 26.3| 19.4| -2.16|     |0.95| 9.21
Pal 11   |-15.57| 13.4|  8.2| -0.40|     |1.46| 9.34
NGC 6838 | -4.56|  4.0|  6.7| -0.78| 2.3 |1.67| 8.43
NGC 6864 |-25.75| 20.9| 14.7| -1.29|10.3 |0.46| 9.15
NGC 6934 |-18.89| 15.6| 12.8| -1.47| 5.1 |0.69| 9.04
NGC 6981 |-32.68| 17.0| 12.9| -1.42|     |0.93| 9.23
NGC 7006 |-19.41| 41.2| 38.5| -1.52|     |0.44| 9.42
NGC 7078 |-27.31| 10.4| 10.4| -2.37|13.5 |1.00| 9.32
NGC 7089 |-35.77| 11.5| 10.4| -1.65| 8.2 |1.06| 9.40
NGC 7099 |-46.84|  8.1|  7.1| -2.27| 5.5 |1.03| 8.88
Pal 12   |-47.68| 19.0| 15.8| -0.85|     |1.72| 9.28
Pal 13   |-42.70| 26.0| 26.9| -1.88| 0.9 |0.36| 8.35
NGC 7492 |-63.48| 26.3| 25.3| -1.78| 1.2 |1.15| 9.44
