$SPEC_ID:
Cobalt
$SPEC_REM:
DET# 1
DETDESC# PHYS-593-E Easy-MCA-2k SN 08353242
AP# Maestro Version 7.01
$DATE_MEA:
10/22/2018 16:18:22
$MEAS_TIM:
405 405
$DATA:
0 2047
       0
       0
       0
       0
       0
       0
       0
       0
       0
       0
       0
       0
       0
       0
       0
       0
       0
       0
       0
       0
       0
       0
       0
       0
       0
       0
       0
       0
       0
       0
       0
       0
       0
       0
       0
       0
       0
       0
       0
       0
       0
       0
       0
       0
       0
       0
       0
       0
       0
       0
       0
       0
       0
       0
       0
       0
       0
       0
       0
       0
       0
       0
       0
       0
       0
       0
       0
       0
       0
       0
       0
       2
       0
       1
       0
       0
       0
       0
       1
       1
       0
       0
       0
       1
       1
       1
       0
       0
       0
       0
       1
       0
       0
       1
       0
       0
       0
       0
       0
       0
       1
       0
       0
       0
       1
       0
       0
       0
       0
       0
       0
       0
       2
       0
       1
       0
       0
       1
       0
       0
       0
       0
       1
       0
       1
       0
       0
       0
       1
       2
       1
       0
       3
       3
       0
       4
       3
       4
       2
       2
       4
       5
       1
       6
       0
       4
       3
       2
       3
       5
       4
       3
       4
       3
       3
       3
       3
       4
       3
       4
       3
       1
       5
       2
       3
       4
       4
       1
       5
       3
       4
       4
       6
       4
       4
       4
       2
       3
       1
       5
       2
       2
       3
       6
       3
       0
       5
       1
       6
       3
       1
       2
       2
       2
       1
       5
       3
       4
       2
       2
       4
       5
       0
       2
       3
       3
       1
       2
       2
       1
       2
       3
       2
       2
       3
       3
       3
       2
       5
       1
       3
       1
       3
       1
       6
       3
       0
       0
       3
       4
       1
       2
       0
       4
       3
       3
       3
       1
       6
       3
       0
       1
       4
       0
       2
       1
       2
       2
       0
       1
       4
       3
       1
       1
       2
       2
       2
       2
       2
       1
       1
       2
       2
       1
       2
       4
       3
       0
       1
       3
       2
       3
       5
       4
       2
       2
       2
       2
       1
       1
       3
       1
       2
       3
       2
       2
       2
       5
       1
       2
       0
       2
       6
       1
       2
       3
       1
       3
       1
       1
       0
       2
       4
       0
       5
       0
       1
       2
       0
       2
       2
       2
       0
       3
       3
       1
       2
       1
       3
       2
       2
       1
       1
       0
       0
       2
       0
       3
       1
       0
       2
       3
       1
       2
       1
       0
       3
       0
       1
       0
       2
       3
       5
       1
       3
       3
       2
       2
       1
       2
       0
       3
       3
       1
       1
       3
       2
       4
       0
       1
       3
       1
       1
       2
       1
       0
       5
       3
       1
       0
       2
       3
       1
       2
       1
       1
       2
       2
       2
       1
       2
       3
       0
       1
       2
       1
       0
       1
       2
       3
       2
       3
       2
       2
       3
       1
       1
       2
       3
       1
       0
       4
       3
       2
       1
       1
       4
       0
       2
       2
       2
       2
       3
       5
       2
       3
       1
       2
       6
       5
       1
       3
       2
       4
       0
       3
       3
       3
       2
       3
       2
       2
       1
       2
       1
       4
       3
       1
       2
       3
       3
       1
       0
       1
       2
       1
       2
       1
       4
       1
       3
       0
       2
       1
       5
       1
       2
       1
       1
       3
       3
       1
       2
       3
       0
       3
       1
       0
       0
       1
       1
       2
       1
       0
       0
       4
       4
       0
       0
       0
       1
       4
       0
       1
       4
       0
       2
       3
       2
       4
       2
       2
       3
       3
       3
       2
       0
       1
       2
       2
       3
       1
       1
       0
       2
       1
       0
       1
       3
       1
       0
       3
       1
       1
       1
       1
       2
       2
       2
       1
       1
       1
       0
       4
       1
       1
       0
       1
       1
       2
       0
       0
       2
       2
       0
       1
       3
       1
       1
       0
       2
       2
       2
       3
       2
       0
       2
       1
       1
       4
       2
       1
       1
       2
       1
       0
       1
       1
       0
       1
       1
       1
       1
       1
       1
       1
       1
       2
       1
       0
       1
       0
       2
       2
       4
       0
       1
       1
       1
       1
       0
       2
       0
       1
       3
       1
       1
       0
       2
       1
       1
       5
       0
       1
       2
       0
       2
       2
       4
       2
       1
       1
       0
       1
       4
       2
       2
       2
       0
       3
       3
       1
       1
       1
       3
       4
       3
       2
       2
       3
       1
       1
       1
       2
       2
       5
       3
       1
       2
       2
       2
       1
       1
       2
       0
       0
       2
       2
       2
       2
       0
       2
       2
       1
       2
       1
       3
       2
       1
       0
       2
       2
       3
       0
       0
       2
       3
       2
       3
       0
       1
       1
       1
       0
       5
       1
       1
       2
       5
       1
       2
       1
       1
       1
       2
       1
       0
       4
       2
       4
       1
       2
       1
       2
       0
       2
       2
       1
       2
       2
       2
       3
       0
       1
       0
       2
       0
       2
       2
       0
       1
       1
       1
       3
       2
       3
       1
       2
       2
       2
       1
       1
       1
       1
       1
       0
       1
       1
       4
       2
       3
       1
       0
       1
       2
       2
       0
       1
       2
       0
       0
       2
       1
       1
       1
       0
       0
       1
       2
       1
       0
       1
       0
       7
       0
       3
       2
       2
       1
       0
       2
       1
       2
       1
       3
       1
       0
       1
       6
       1
       2
       2
       1
       0
       2
       2
       1
       0
       2
       1
       3
       1
       1
       2
       2
       1
       2
       2
       3
       2
       1
       1
       1
       0
       0
       1
       2
       1
       3
       1
       2
       2
       3
       2
       0
       1
       3
       2
       2
       2
       3
       2
       1
       1
       2
       3
       3
       1
       1
       1
       1
       1
       2
       2
       0
       2
       2
       1
       1
       3
       4
       4
       2
       3
       0
       0
       1
       2
       2
       1
       3
       3
       3
       1
       3
       5
       2
       0
       3
       3
       4
       0
       3
       6
       1
       0
       2
       3
       1
       2
       2
       2
       1
       1
       2
       4
       2
       4
       3
       1
       2
       0
       3
       3
       4
       1
       1
       3
       1
       2
       4
       5
       3
       1
       1
       3
       1
       1
       2
       3
       4
       2
       2
       1
       4
       2
       0
       0
       3
       3
       0
       2
       1
       3
       1
       4
       3
       3
       1
       1
       3
       2
       1
       1
       1
       3
       5
       2
       4
       0
       2
       3
       1
       0
       2
       3
       2
       2
       1
       1
       5
       4
       5
       0
       1
       1
       1
       1
       0
       2
       2
       1
       3
       2
       3
       1
       4
       2
       1
       3
       2
       3
       2
       5
       2
       7
       4
       1
       6
       1
       2
       2
       0
       2
       4
       0
       3
       1
       1
       3
       0
       5
       1
       0
       5
       0
       3
       0
       1
       3
       0
       3
       3
       2
       4
       2
       4
       2
       2
       6
       4
       3
       3
       5
       1
       1
       3
       4
       5
       1
       1
       1
       6
       2
       2
       2
       2
       2
       3
       2
       2
       3
       5
       4
       1
       2
       1
       3
       6
       2
       5
       3
       1
       1
       1
       6
       3
       4
       3
       0
       3
       3
       6
       6
       3
       5
       4
       0
       0
       4
       4
       2
       2
       5
       7
       3
       2
       5
       2
       1
       4
       3
       8
       2
       7
       5
      12
      10
       4
       4
       7
       4
       5
       5
       3
       2
       6
       9
       8
       7
       7
       5
       2
       9
       4
       2
       6
       4
       6
       8
       4
       6
       3
      10
      11
       8
       7
      10
       6
       7
       6
      11
      11
       8
      12
       8
      13
       8
       6
      12
       4
       6
      12
       7
       9
       7
      12
      10
       8
       5
      14
       7
      15
       9
      10
       6
      10
      19
       6
       6
       6
       8
      16
       9
       8
       7
      13
       4
       8
      11
      14
      10
      10
      12
      11
       8
       5
      10
      12
      10
      16
      18
      11
      18
      18
      13
      11
      10
       8
      15
       7
      10
      12
       7
       8
       7
       6
      14
      10
       6
      11
       7
      10
      12
       6
      16
       7
      14
      10
       9
       8
       6
       9
       9
      11
      12
       4
      11
      12
       5
       7
       5
      12
       9
      11
       6
       9
      10
       5
      11
      10
       8
       4
       7
       5
       5
       2
       5
      11
       4
      10
       7
       3
       8
       3
       8
       5
       6
       5
       8
       2
       6
       7
       7
       5
       2
       5
       5
       7
       3
       3
       8
       2
       4
       2
       4
       5
       5
       3
       3
       4
       3
       4
       3
       5
       2
       2
       2
       6
       2
       3
       0
       7
       2
       3
       8
       6
       5
       4
       3
       3
       3
       4
       3
       4
       1
       1
       1
       4
       2
       0
       1
       3
       4
       2
       0
       0
       0
       1
       1
       2
       0
       1
       3
       3
       1
       1
       0
       4
       2
       1
       0
       0
       1
       2
       1
       1
       2
       0
       0
       0
       1
       1
       0
       2
       0
       0
       0
       1
       0
       0
       1
       2
       1
       0
       1
       1
       0
       0
       0
       0
       0
       0
       1
       0
       0
       0
       0
       1
       0
       1
       0
       0
       0
       0
       0
       2
       0
       0
       0
       1
       0
       0
       0
       1
       0
       0
       0
       0
       0
       0
       0
       1
       0
       0
       0
       0
       0
       0
       0
       0
       1
       0
       0
       0
       1
       0
       0
       0
       0
       1
       0
       0
       0
       0
       0
       1
       1
       0
       0
       0
       0
       0
       0
       0
       0
       0
       0
       0
       0
       0
       0
       0
       0
       0
       0
       0
       0
       0
       0
       0
       0
       0
       0
       0
       0
       0
       0
       0
       0
       0
       0
       0
       0
       0
       0
       0
       0
       0
       0
       0
       0
       0
       0
       0
       0
       0
       0
       0
       0
       0
       0
       0
       0
       0
       0
       0
       0
       0
       0
       0
       0
       0
       0
       0
       0
       0
       0
       0
       0
       0
       0
       0
       0
       0
       0
       0
       0
       0
       0
       0
       0
       0
       0
       0
       0
       0
       0
       0
       0
       0
       0
       0
       0
       0
       0
       0
       0
       0
       0
       0
       0
       0
       0
       0
       0
       0
       0
       0
       0
       0
       0
       0
       0
       0
       0
       0
       0
       0
       0
       0
       0
       0
       0
       0
       0
       0
       0
       0
       0
       0
       0
       0
       0
       0
       0
       0
       0
       0
       0
       0
       0
       0
       0
       0
       0
       0
       0
       0
       0
       0
       0
       0
       0
       0
       0
       0
       0
       0
       0
       0
       0
       0
       0
       0
       0
       0
       0
       1
       0
       0
       0
       0
       0
       0
       0
       0
       0
       0
       0
       0
       0
       0
       0
       0
       0
       0
       0
       0
       0
       0
       0
       0
       0
       0
       0
       0
       0
       0
       0
       0
       0
       0
       0
       0
       0
       0
       0
       0
       0
       0
       0
       0
       0
       0
       0
       0
       0
       0
       0
       0
       0
       0
       0
       0
       0
       0
       0
       0
       0
       0
       0
       0
       0
       0
       0
       0
       0
       0
       0
       0
       0
       0
       0
       0
       0
       0
       0
       0
       0
       0
       0
       0
       0
       0
       0
       0
       0
       0
       0
       0
       0
       0
       0
       0
       0
       0
       0
       0
       0
       0
       0
       0
       0
       0
       0
       0
       0
       0
       0
       0
       0
       0
       0
       0
       0
       0
       0
       0
       0
       0
       0
       0
       0
       0
       0
       0
       0
       0
       0
       0
       0
       0
       0
       0
       0
       0
       0
       0
       0
       0
       0
       0
       0
       0
       0
       0
       0
       0
       0
       0
       0
       0
       0
       0
       0
       0
       0
       0
       0
       0
       0
       0
       0
       0
       0
       0
       0
       0
       0
       0
       0
       0
       0
       0
       0
       0
       0
       0
       0
       0
       0
       0
       0
       0
       0
       0
       0
       0
       0
       0
       0
       0
       0
       0
       0
       0
       0
       0
       0
       0
       0
       0
       0
       0
       0
       0
       0
       0
       0
       0
       0
       0
       0
       0
       0
       0
       0
       0
       0
       0
       0
       0
       0
       0
       0
       0
       0
       0
       0
       0
       0
       0
       0
       0
       0
       0
       0
       0
       0
       0
       0
       0
       0
       0
       0
       0
       0
       0
       0
       0
       0
       0
       0
       0
       0
       0
       0
       0
       0
       0
       0
       0
       0
       0
       0
       0
       0
       0
       0
       0
       0
       0
       0
       0
       0
       0
       0
       0
       0
       0
       0
       0
       0
       0
       0
       0
       0
       0
       0
       0
       0
       0
       0
       0
       0
       0
       0
       0
       0
       0
       0
       0
       0
       0
       0
       0
       0
       0
       0
       0
       0
       0
       0
       0
       0
       0
       0
       0
       0
       0
       0
       0
       0
       0
       0
       0
       0
       0
       0
       0
       0
       0
       0
       0
       0
       0
       0
       0
       0
       0
       0
       0
       0
       0
       0
       0
       0
       0
       0
       0
       0
       0
       0
       0
       0
       0
       0
       0
       0
       0
       0
       0
       0
       0
       0
       0
       0
       0
       0
       0
       0
       0
       0
       0
       0
       0
       0
       0
       0
       0
       0
       0
       0
       0
       0
       0
       0
       0
       0
       0
       0
       0
       0
       0
       0
       0
       0
       0
       0
       0
       0
       0
       0
       0
       0
       0
       0
       0
       0
       0
       0
       0
       0
       0
       0
       0
       0
       0
       0
       0
       0
       0
       0
       0
       0
       0
       0
       0
       0
       0
       0
       0
       0
       0
       0
       0
       0
       0
       0
       0
       0
       0
       0
       0
       0
       0
       0
       0
       0
       0
       0
       0
       0
       0
       0
       0
       0
       0
       0
       0
       0
       0
       0
       0
       0
       0
       0
       0
       0
       0
       0
       0
       0
       0
       0
       0
       0
       0
       0
       0
       0
       0
       0
       0
       0
       0
       0
       0
       0
       0
       0
       0
       0
       0
       0
       0
       0
       0
       0
       0
       0
       0
       0
       0
       0
       0
       0
       0
       0
       0
       0
       0
       0
       0
       0
       0
       0
$ROI:
0
$PRESETS:
Real Time
900
0
$ENER_FIT:
0.000000 0.000000
$MCA_CAL:
3
0.000000E+000 0.000000E+000 0.000000E+000 
$SHAPE_CAL:
3
0.000000E+000 0.000000E+000 0.000000E+000
