$SPEC_ID:
Cobalt
$SPEC_REM:
DET# 1
DETDESC# PHYS-593-E Easy-MCA-2k SN 08353242
AP# Maestro Version 7.01
$DATE_MEA:
10/22/2018 16:09:56
$MEAS_TIM:
445 445
$DATA:
0 2047
       0
       0
       0
       0
       0
       0
       0
       0
       0
       0
       0
       0
       0
       0
       0
       0
       0
       0
       0
       0
       0
       0
       0
       0
       0
       0
       0
       0
       0
       0
       0
       0
       0
       0
       0
       0
       0
       0
       0
       0
       0
       0
       0
       0
       0
       0
       0
       0
       0
       0
       0
       0
       0
       0
       0
       0
       0
       0
       0
       0
       0
       0
       0
       0
       0
       0
       0
       0
       0
       0
       0
       1
       1
       0
       1
       1
       0
       0
       0
       0
       0
       0
       1
       1
       3
       0
       0
       0
       2
       1
       0
       0
       1
       0
       4
       0
       1
       2
       2
       2
       2
       1
       6
       2
       3
       2
       1
       3
       5
       3
       2
       1
       6
       1
       3
       3
       7
       1
       7
       3
       6
       6
       4
       5
       6
       5
       3
       4
       4
       3
       7
       8
       5
       3
       6
       6
       0
       2
       6
       5
       6
       6
       2
       4
       4
       4
       6
       4
       5
       7
       4
       2
       4
       5
       1
      10
       5
       2
       4
       2
       5
       3
       1
       4
       1
       1
       4
       2
       7
       1
       6
       5
       3
       6
       1
       4
       3
       3
       0
       5
       2
       1
       3
       2
       3
       2
       2
       2
       4
       3
       2
       3
       2
       3
       3
       1
       4
       3
       6
       4
       6
       0
       1
       3
       3
       1
       6
       2
       2
       2
       5
       3
       5
       4
       4
       4
       3
       4
       5
       4
       8
       1
       5
       3
       6
       4
       1
       2
       2
       1
       1
       2
       5
       2
       4
       3
       3
       3
       2
       0
       3
       3
       1
       3
       3
       2
       4
       2
       3
       1
       1
       1
       2
       6
       5
       3
       1
       3
       1
       1
       5
       0
       1
       4
       2
       1
       0
       3
       3
       3
       5
       2
       4
       4
       3
       4
       1
       3
       2
       1
       1
       3
       3
       6
       1
       1
       2
       1
       3
       1
       1
       2
       1
       2
       3
       3
       3
       3
       0
       3
       1
       3
       5
       3
       1
       3
       2
       0
       1
       1
       1
       3
       3
       3
       3
       2
       2
       1
       1
       2
       6
       4
       5
       3
       2
       1
       3
       1
       4
       3
       2
       4
       2
       3
       5
       4
       2
       5
       2
       0
       2
       0
       3
       0
       3
       2
       4
       6
       1
       3
       2
       1
       2
       2
       4
       1
       3
       2
       4
       4
       3
       1
       7
       6
       3
       2
       2
       4
       3
       3
       0
       0
       1
       1
       2
       2
       2
       1
       0
       2
       0
       3
       0
       3
       2
       1
       4
       2
       4
       2
       3
       4
       2
       2
       2
       1
       5
       3
       0
       4
       2
       3
       3
       1
       3
       5
       1
       2
       4
       1
       2
       1
       3
       2
       3
       1
       0
       2
       2
       0
       4
       3
       1
       3
       1
       0
       1
       3
       1
       5
       1
       0
       1
       1
       3
       1
       4
       2
       4
       5
       4
       4
       2
       0
       6
       1
       2
       1
       2
       1
       1
       1
       2
       2
       1
       0
       3
       4
       3
       0
       3
       3
       0
       4
       2
       3
       1
       3
       1
       0
       1
       1
       2
       2
       2
       2
       3
       0
       1
       1
       0
       0
       0
       0
       4
       1
       4
       3
       0
       2
       2
       1
       0
       1
       1
       4
       1
       1
       3
       0
       3
       3
       0
       0
       1
       1
       1
       1
       3
       3
       0
       3
       2
       2
       0
       0
       2
       3
       3
       1
       2
       0
       2
       4
       2
       2
       1
       3
       0
       4
       6
       1
       1
       3
       1
       1
       1
       1
       1
       1
       0
       3
       2
       1
       0
       3
       0
       2
       0
       3
       7
       2
       3
       0
       1
       4
       3
       1
       1
       2
       1
       4
       1
       3
       2
       2
       0
       3
       1
       2
       4
       2
       0
       3
       3
       2
       0
       1
       1
       0
       4
       1
       2
       1
       1
       1
       4
       4
       1
       1
       4
       1
       0
       3
       6
       1
       1
       1
       2
       2
       0
       3
       1
       3
       3
       2
       3
       1
       2
       0
       2
       2
       1
       0
       0
       1
       2
       0
       2
       0
       1
       1
       3
       1
       0
       0
       1
       5
       2
       2
       2
       2
       1
       1
       0
       3
       1
       1
       2
       2
       0
       1
       3
       2
       6
       2
       2
       0
       3
       2
       2
       1
       2
       2
       1
       1
       1
       3
       2
       3
       1
       2
       1
       5
       0
       0
       1
       4
       4
       0
       0
       2
       2
       4
       0
       4
       2
       1
       0
       3
       1
       0
       1
       3
       4
       1
       3
       3
       0
       4
       2
       1
       2
       0
       1
       3
       3
       1
       1
       3
       3
       0
       2
       0
       3
       3
       1
       0
       3
       1
       1
       3
       2
       0
       1
       2
       5
       0
       2
       1
       3
       5
       4
       0
       3
       3
       0
       0
       4
       1
       2
       3
       3
       2
       0
       1
       2
       0
       1
       1
       1
       1
       2
       0
       3
       2
       1
       2
       3
       1
       2
       1
       2
       4
       4
       1
       5
       4
       2
       2
       1
       0
       2
       4
       0
       2
       1
       3
       4
       2
       2
       4
       5
       2
       3
       6
       2
       2
       2
       2
       1
       6
       2
       3
       3
       3
       2
       4
       3
       2
       1
       1
       3
       4
       4
       1
       3
       2
       0
       0
       1
       2
       2
       2
       1
       3
       1
       3
       7
       5
       3
       3
       3
       2
       5
       1
       5
       2
       0
       3
       0
       1
       5
       4
       4
       3
       2
       2
       3
       2
       4
       3
       0
       6
       3
       2
       2
       5
       0
       2
       3
       4
       2
       1
       2
       2
       3
       4
       1
       1
       2
       4
       2
       2
       5
       2
       4
       1
       5
       2
       2
       0
       0
       2
       0
       0
       0
       2
       2
       2
       2
       2
       0
       3
       6
       3
       1
       2
       4
       2
       1
       3
       3
       1
       4
       1
       0
       5
       1
       2
       1
       3
       1
       3
       3
       1
       2
       3
       0
       2
       2
       1
       0
       5
       1
       4
       6
       3
       2
       8
       3
       3
       4
       4
       2
       6
       3
       2
       3
       6
       1
       2
       2
       3
       3
       6
       9
       3
       9
       3
       3
       3
       7
       3
       4
       6
       6
       2
       4
       3
       3
       3
       3
       3
       2
       4
       4
       7
       7
       4
       3
       6
       0
       3
       4
       4
       5
       5
       5
       8
       3
       3
       4
       5
       5
       9
      12
       4
       9
       5
       5
       7
       6
       4
       8
       6
       8
       7
       8
       7
      13
       5
       4
       6
       7
       4
       8
      10
       8
      11
       9
       6
       9
       4
       9
      10
      14
       7
       9
      11
       9
       8
       9
      11
      12
      11
      11
       9
      11
      11
       4
       7
       6
       8
       5
      16
      10
      15
      12
       8
       9
      14
      13
      11
       7
      14
       9
       7
       7
       8
      15
      10
      13
      12
      11
      15
      11
      18
       8
      12
      20
      11
      15
      15
      11
      12
      11
      19
      20
      12
      13
      13
      17
      17
      17
      15
      12
      10
      10
      13
      10
      17
      14
       9
      15
      13
      16
      16
      14
      12
      12
      12
      10
      11
       6
      10
      14
      10
       7
      14
       5
       8
       9
       7
       8
       8
      10
      17
       8
      14
       5
       9
       7
       9
      12
       5
      10
      16
       5
       6
       6
       6
       8
      10
       5
       4
       3
       3
       7
       8
       7
       6
       4
       9
       8
       7
       9
       8
       7
       8
       7
       8
       7
       5
       5
       6
       4
       3
       6
       1
       0
       3
       3
       7
       6
       5
       4
       6
       6
       3
       4
       3
       5
       6
       3
       4
       5
       3
       4
       4
       2
       6
       2
       4
       3
       3
       6
       1
       2
       3
       0
       1
       3
       5
       3
       6
       5
       4
       3
       3
       4
       2
       0
       0
       1
       2
       5
       1
       2
       1
       0
       2
       6
       1
       0
       1
       2
       5
       1
       1
       4
       2
       1
       3
       0
       0
       1
       1
       0
       1
       0
       1
       1
       0
       0
       1
       1
       0
       3
       0
       2
       2
       0
       1
       0
       2
       0
       1
       0
       1
       1
       0
       0
       0
       1
       2
       1
       1
       2
       1
       0
       0
       0
       0
       1
       0
       1
       0
       0
       0
       2
       0
       0
       0
       0
       0
       0
       0
       0
       0
       0
       0
       0
       0
       2
       1
       1
       0
       0
       0
       0
       0
       0
       0
       0
       0
       0
       0
       0
       0
       0
       1
       0
       0
       0
       0
       0
       0
       0
       0
       0
       0
       0
       0
       0
       0
       0
       0
       0
       0
       0
       0
       0
       0
       0
       0
       0
       0
       0
       0
       0
       0
       0
       1
       0
       0
       0
       0
       0
       0
       0
       0
       0
       0
       0
       0
       0
       0
       0
       0
       0
       0
       0
       0
       0
       0
       0
       0
       0
       0
       0
       0
       0
       0
       0
       0
       0
       0
       0
       0
       0
       0
       0
       0
       0
       0
       0
       0
       0
       0
       0
       0
       0
       0
       0
       0
       0
       0
       0
       0
       0
       0
       0
       0
       0
       0
       0
       0
       0
       0
       0
       0
       0
       0
       0
       0
       0
       0
       0
       0
       0
       0
       0
       0
       0
       0
       0
       0
       0
       0
       0
       0
       0
       0
       0
       0
       0
       0
       0
       0
       0
       0
       0
       0
       0
       0
       0
       0
       0
       0
       0
       0
       0
       0
       0
       0
       0
       0
       0
       0
       0
       0
       0
       0
       0
       0
       0
       0
       0
       0
       0
       0
       0
       0
       0
       0
       0
       0
       0
       0
       0
       0
       0
       0
       0
       0
       0
       0
       0
       0
       0
       0
       0
       0
       0
       0
       0
       0
       0
       0
       0
       0
       0
       0
       0
       0
       0
       0
       0
       0
       0
       0
       0
       0
       0
       0
       0
       0
       0
       0
       0
       0
       0
       0
       0
       0
       0
       0
       0
       0
       0
       0
       0
       0
       0
       0
       0
       0
       0
       0
       0
       0
       0
       0
       0
       0
       0
       0
       0
       0
       0
       0
       0
       0
       0
       0
       0
       0
       0
       0
       0
       0
       0
       0
       0
       0
       0
       0
       0
       0
       0
       0
       0
       0
       0
       0
       0
       0
       0
       0
       0
       0
       0
       0
       0
       0
       0
       0
       0
       0
       0
       0
       0
       0
       0
       0
       0
       0
       0
       0
       0
       0
       0
       0
       0
       0
       0
       0
       0
       0
       0
       0
       0
       0
       0
       0
       0
       0
       0
       0
       0
       0
       0
       0
       0
       0
       0
       0
       0
       0
       0
       0
       0
       0
       0
       0
       0
       0
       0
       0
       0
       0
       0
       0
       0
       0
       0
       0
       0
       0
       0
       0
       0
       0
       0
       0
       0
       0
       0
       0
       0
       0
       0
       0
       0
       0
       0
       0
       0
       0
       0
       0
       0
       0
       0
       0
       0
       0
       0
       0
       0
       0
       0
       0
       0
       0
       0
       0
       0
       0
       0
       0
       0
       0
       0
       0
       0
       0
       0
       0
       0
       0
       0
       0
       0
       0
       0
       0
       0
       0
       0
       0
       0
       0
       0
       0
       0
       0
       0
       0
       0
       0
       0
       0
       0
       0
       0
       0
       0
       0
       0
       0
       0
       0
       0
       0
       0
       0
       0
       0
       0
       0
       0
       0
       0
       0
       0
       0
       0
       0
       0
       0
       0
       0
       0
       0
       0
       0
       0
       0
       0
       0
       0
       0
       0
       0
       0
       0
       0
       0
       0
       0
       0
       0
       0
       0
       0
       0
       0
       0
       0
       0
       0
       0
       0
       0
       0
       0
       0
       0
       0
       0
       0
       0
       0
       0
       0
       0
       0
       0
       0
       0
       0
       0
       0
       0
       0
       0
       0
       0
       0
       0
       0
       0
       0
       0
       0
       0
       0
       0
       0
       0
       0
       0
       0
       0
       0
       0
       0
       0
       0
       0
       0
       0
       0
       0
       0
       0
       0
       0
       0
       0
       0
       0
       0
       0
       0
       0
       0
       0
       0
       0
       0
       0
       0
       0
       0
       0
       0
       0
       0
       0
       0
       0
       0
       0
       0
       0
       0
       0
       0
       0
       0
       0
       0
       0
       0
       0
       0
       0
       0
       0
       0
       0
       0
       0
       0
       0
       0
       0
       0
       0
       0
       0
       0
       0
       0
       0
       0
       0
       0
       0
       0
       0
       0
       0
       0
       0
       0
       0
       0
       0
       0
       0
       0
       0
       0
       0
       0
       0
       0
       0
       0
       0
       0
       0
       0
       0
       0
       0
       0
       0
       0
       0
       0
       0
       0
       0
       0
       0
       0
       0
       0
       0
       0
       0
       0
       0
       0
       0
       0
       0
       0
       0
       0
       0
       0
       0
       0
       0
       0
       0
       0
       0
       0
       0
       0
       0
       0
       0
       0
       0
       0
       0
       0
       0
       0
       0
       0
       0
       0
       0
       0
       0
       0
       0
       0
       0
       0
       0
       0
       0
       0
       0
       0
       0
       0
       0
       0
       0
       0
       0
       0
       0
       0
       0
       0
       0
       0
       0
       0
       0
       0
       0
       0
       0
       0
       0
       0
       0
       0
       0
       0
       0
       0
       0
       0
       0
       0
       0
       0
       0
       0
       0
       0
       0
       0
       0
       0
       0
       0
       0
       0
       0
       0
       0
       0
       0
       0
       0
       0
       0
       0
       0
       0
       0
       0
       0
       0
       0
       0
       0
       0
       0
       0
       0
       0
       0
       0
       0
       0
       0
       0
       0
       0
       0
       0
       0
       0
       0
       0
       0
       0
       0
       0
       0
       0
       0
$ROI:
0
$PRESETS:
Real Time
900
0
$ENER_FIT:
0.000000 0.000000
$MCA_CAL:
3
0.000000E+000 0.000000E+000 0.000000E+000 
$SHAPE_CAL:
3
0.000000E+000 0.000000E+000 0.000000E+000
