$SPEC_ID:
Cobalt
$SPEC_REM:
DET# 1
DETDESC# PHYS-593-E Easy-MCA-2k SN 08353242
AP# Maestro Version 7.01
$DATE_MEA:
10/22/2018 16:46:41
$MEAS_TIM:
262 262
$DATA:
0 2047
       0
       0
       0
       0
       0
       0
       0
       0
       0
       0
       0
       0
       0
       0
       0
       0
       0
       0
       0
       0
       0
       0
       0
       0
       0
       0
       0
       0
       0
       0
       0
       0
       0
       0
       0
       0
       0
       0
       0
       0
       0
       0
       0
       0
       0
       0
       0
       0
       0
       0
       0
       0
       0
       0
       0
       0
       0
       0
       0
       0
       0
       0
       0
       0
       0
       0
       0
       0
       0
       0
       0
       0
       1
       1
       0
       0
       0
       0
       0
       0
       0
       0
       0
       0
       0
       0
       0
       2
       0
       0
       0
       0
       0
       0
       0
       0
       0
       0
       0
       1
       0
       0
       0
       0
       0
       0
       0
       0
       1
       0
       0
       0
       0
       0
       0
       0
       0
       0
       1
       0
       0
       0
       0
       0
       0
       1
       0
       0
       0
       0
       0
       0
       0
       0
       0
       0
       0
       0
       0
       0
       0
       0
       0
       1
       0
       0
       0
       0
       0
       0
       0
       0
       0
       0
       0
       0
       0
       0
       0
       0
       0
       0
       0
       0
       0
       0
       1
       0
       0
       0
       0
       0
       0
       0
       0
       0
       0
       0
       0
       0
       0
       0
       0
       0
       0
       0
       0
       0
       0
       0
       0
       0
       0
       0
       0
       0
       1
       0
       0
       0
       0
       0
       0
       0
       0
       0
       0
       1
       0
       0
       0
       0
       0
       0
       0
       0
       0
       0
       0
       0
       1
       0
       0
       0
       0
       0
       0
       0
       1
       0
       0
       0
       0
       0
       0
       0
       0
       0
       1
       0
       0
       1
       0
       0
       0
       0
       0
       0
       0
       0
       0
       0
       0
       0
       1
       0
       0
       0
       0
       0
       0
       0
       0
       0
       0
       0
       0
       0
       0
       0
       0
       0
       0
       0
       0
       0
       0
       0
       0
       0
       0
       0
       2
       1
       0
       0
       1
       0
       1
       0
       0
       0
       0
       0
       0
       0
       0
       0
       0
       0
       0
       0
       0
       0
       0
       0
       0
       0
       0
       0
       1
       0
       0
       0
       0
       0
       1
       1
       0
       0
       0
       2
       1
       0
       2
       0
       1
       0
       0
       1
       1
       0
       0
       4
       1
       1
       3
       0
       2
       2
       1
       1
       2
       0
       2
       2
       4
       2
       2
       0
       3
       3
       2
       3
       2
       4
       1
       1
       2
       2
       3
       4
       0
       2
       2
       5
       2
       1
       1
       2
       3
       2
       0
       0
       3
       1
       2
       3
       1
       0
       1
       1
       2
       3
       2
       1
       3
       1
       1
       3
       0
       1
       2
       2
       1
       0
       0
       0
       2
       1
       1
       2
       1
       1
       2
       3
       0
       0
       1
       0
       2
       2
       0
       0
       0
       0
       0
       1
       1
       1
       0
       0
       2
       0
       2
       0
       0
       0
       0
       0
       0
       1
       1
       1
       1
       3
       0
       0
       1
       0
       0
       0
       0
       0
       0
       0
       0
       1
       1
       0
       0
       0
       1
       0
       1
       2
       1
       2
       0
       2
       0
       2
       2
       1
       2
       2
       0
       2
       1
       3
       1
       1
       0
       0
       0
       1
       0
       3
       1
       0
       2
       0
       0
       2
       0
       0
       1
       0
       0
       1
       0
       0
       2
       2
       0
       2
       1
       0
       4
       0
       0
       2
       0
       0
       1
       0
       1
       1
       0
       1
       2
       1
       0
       0
       2
       0
       0
       1
       0
       2
       0
       0
       1
       1
       2
       2
       0
       1
       1
       0
       0
       1
       0
       1
       0
       2
       0
       0
       2
       0
       0
       0
       4
       1
       1
       0
       1
       0
       1
       2
       0
       0
       2
       0
       0
       0
       0
       1
       1
       0
       0
       0
       0
       0
       1
       1
       0
       1
       2
       1
       0
       2
       2
       1
       0
       0
       1
       0
       1
       1
       1
       1
       1
       0
       0
       1
       0
       3
       0
       2
       0
       4
       1
       3
       2
       0
       0
       0
       3
       1
       0
       0
       0
       0
       0
       0
       2
       1
       1
       0
       1
       1
       1
       2
       1
       0
       1
       1
       2
       3
       2
       4
       1
       0
       2
       0
       2
       0
       2
       0
       1
       1
       1
       0
       0
       3
       0
       2
       1
       1
       0
       2
       2
       0
       0
       3
       2
       1
       1
       1
       0
       0
       0
       1
       0
       3
       2
       1
       1
       1
       1
       1
       0
       1
       0
       0
       1
       0
       1
       0
       0
       3
       2
       0
       2
       2
       1
       2
       1
       1
       2
       1
       0
       1
       3
       1
       0
       2
       1
       0
       2
       1
       1
       0
       0
       0
       0
       1
       3
       1
       1
       1
       0
       2
       1
       1
       1
       3
       0
       1
       0
       1
       2
       2
       1
       1
       3
       1
       0
       0
       1
       1
       2
       1
       1
       1
       0
       0
       2
       0
       1
       2
       4
       1
       1
       0
       2
       3
       1
       0
       2
       0
       2
       0
       1
       1
       2
       3
       3
       2
       1
       2
       2
       0
       1
       2
       0
       1
       2
       0
       1
       0
       0
       0
       1
       0
       1
       1
       1
       2
       0
       0
       2
       0
       1
       0
       1
       1
       0
       0
       6
       2
       0
       2
       0
       1
       0
       0
       1
       2
       2
       0
       1
       1
       0
       0
       2
       1
       3
       2
       3
       1
       0
       1
       2
       0
       0
       1
       1
       1
       0
       0
       0
       0
       1
       1
       1
       0
       0
       0
       2
       1
       0
       0
       1
       3
       0
       0
       1
       0
       0
       0
       0
       1
       1
       0
       0
       0
       2
       1
       1
       1
       2
       1
       0
       1
       1
       1
       1
       2
       0
       1
       0
       2
       1
       0
       1
       0
       1
       1
       0
       2
       1
       0
       0
       0
       0
       2
       0
       1
       1
       0
       1
       2
       0
       0
       0
       0
       0
       1
       3
       0
       3
       0
       1
       1
       0
       0
       0
       2
       0
       1
       0
       0
       1
       1
       1
       0
       0
       0
       0
       0
       0
       0
       0
       3
       0
       0
       2
       0
       1
       0
       1
       0
       0
       3
       0
       0
       2
       1
       2
       0
       0
       0
       0
       1
       0
       0
       0
       0
       0
       1
       3
       1
       0
       2
       1
       1
       0
       0
       1
       3
       0
       0
       2
       1
       2
       0
       1
       2
       3
       0
       1
       2
       1
       1
       1
       1
       1
       2
       0
       0
       0
       2
       2
       0
       0
       2
       1
       2
       2
       0
       2
       0
       1
       1
       0
       1
       0
       2
       0
       2
       0
       3
       1
       0
       1
       0
       1
       0
       1
       0
       1
       1
       1
       2
       0
       2
       1
       0
       3
       1
       1
       1
       0
       3
       4
       0
       0
       0
       0
       1
       1
       1
       1
       2
       1
       1
       0
       0
       0
       2
       1
       0
       1
       0
       1
       0
       1
       2
       0
       1
       0
       0
       0
       4
       2
       0
       0
       2
       0
       2
       1
       3
       2
       2
       1
       3
       0
       0
       5
       1
       1
       0
       0
       1
       2
       0
       2
       0
       1
       0
       1
       1
       0
       2
       0
       0
       0
       1
       2
       1
       0
       0
       0
       0
       2
       3
       0
       1
       0
       0
       1
       4
       0
       0
       1
       0
       1
       0
       2
       0
       0
       1
       0
       1
       5
       0
       2
       1
       0
       2
       1
       1
       2
       1
       3
       2
       1
       4
       0
       1
       2
       0
       1
       3
       1
       2
       1
       1
       0
       0
       0
       1
       2
       0
       1
       1
       0
       3
       2
       2
       4
       0
       0
       0
       2
       2
       2
       1
       1
       1
       3
       3
       3
       1
       0
       1
       1
       0
       1
       2
       2
       1
       3
       0
       2
       2
       2
       2
       2
       1
       1
       0
       1
       4
       1
       2
       0
       0
       0
       0
       0
       0
       1
       2
       1
       1
       2
       0
       0
       1
       2
       0
       0
       1
       2
       2
       1
       1
       1
       3
       1
       1
       1
       0
       2
       1
       1
       2
       0
       1
       0
       1
       0
       1
       2
       0
       3
       2
       4
       0
       2
       1
       1
       1
       1
       0
       0
       1
       0
       1
       0
       2
       0
       2
       2
       0
       4
       1
       2
       4
       0
       2
       1
       3
       0
       3
       1
       1
       3
       2
       2
       2
       0
       2
       2
       1
       4
       1
       2
       2
       2
       2
       1
       0
       0
       2
       2
       1
       2
       1
       1
       2
       1
       5
       2
       2
       0
       1
       0
       2
       1
       0
       0
       1
       1
       0
       0
       1
       1
       0
       2
       4
       0
       2
       1
       1
       0
       0
       1
       1
       2
       2
       0
       4
       1
       0
       1
       3
       2
       1
       3
       3
       1
       1
       1
       1
       0
       2
       2
       3
       1
       1
       1
       3
       0
       0
       3
       0
       1
       1
       2
       0
       1
       1
       1
       0
       1
       2
       0
       1
       1
       0
       1
       1
       1
       1
       1
       2
       1
       0
       0
       5
       2
       0
       0
       2
       1
       2
       1
       2
       3
       1
       0
       0
       0
       0
       0
       2
       1
       1
       1
       0
       1
       1
       2
       1
       3
       1
       3
       0
       2
       3
       0
       2
       3
       3
       3
       0
       3
       0
       4
       2
       0
       3
       2
       0
       0
       3
       2
       2
       3
       2
       1
       2
       2
       4
       5
       4
       2
       1
       2
       3
       3
       1
       1
       4
       2
       0
       2
       4
       2
       2
       2
       3
       3
       4
       3
       3
       1
       2
       1
       2
       2
       1
       3
       3
       3
       4
       5
       3
       3
       5
       6
       6
       4
       3
       5
       3
       3
       6
       6
       3
       8
       4
       5
       6
       6
       4
       9
       5
       4
       7
      11
       8
      11
      11
       2
      10
       9
       5
      13
       7
      12
       9
      13
      11
       4
       6
      11
       5
      11
      14
      11
      13
       9
      12
      16
       3
      13
      16
       6
      16
      21
      13
      17
      10
       7
      16
      11
      13
      15
      12
      14
      17
      15
      10
      18
      13
      14
      18
       9
      12
      14
      14
       6
      15
      13
      12
       9
      17
      16
      14
      10
      12
      10
      13
      13
      12
      10
       9
       8
      10
       7
      14
      12
       9
       9
       3
       5
       6
       6
       6
       8
       2
       2
      10
       7
       5
       3
       3
       1
       2
       1
       4
       2
       1
       0
       2
       0
       1
       0
       0
       2
       1
       1
       1
       0
       2
       0
       0
       0
       0
       0
       0
       1
       0
       0
       0
       1
       0
       0
       0
       0
       0
       0
       0
       0
       0
       0
       0
       0
       0
       0
       0
       0
       0
       0
       0
       0
       0
       0
       2
       0
       0
       0
       0
       0
       0
       0
       0
       1
       0
       0
       0
       0
       0
       0
       0
       0
       1
       0
       0
       0
       0
       0
       0
       0
       0
       0
       0
       0
       0
       0
       0
       0
       0
       0
       0
       0
       0
       0
       0
       0
       0
       0
       0
       0
       0
       0
       0
       0
       0
       0
       0
       0
       0
       0
       0
       0
       0
       0
       0
       0
       0
       0
       0
       0
       0
       0
       0
       1
       0
       0
       0
       0
       0
       0
       0
       0
       0
       0
       0
       0
       0
       0
       0
       0
       0
       0
       0
       0
       0
       0
       0
       0
       0
       0
       0
       0
       0
       0
       0
       0
       0
       0
       0
       1
       0
       0
       0
       0
       0
       0
       0
       0
       0
       0
       0
       0
       0
       0
       0
       0
       0
       0
       0
       0
       0
       0
       0
       0
       0
       0
       0
       0
       0
       0
       0
       0
       0
       0
       0
       0
       0
       0
       0
       0
       0
       0
       0
       0
       0
       0
       0
       0
       1
       0
       0
       0
       0
       0
       0
       0
       0
       0
       0
       0
       0
       0
       0
       0
       0
       0
       0
       0
       0
       0
       0
       0
       0
       0
       0
       0
       0
       0
       0
       0
       0
       0
       0
       0
       0
       0
       0
       0
       0
       0
       0
       0
       0
       0
       0
       0
       0
       0
       0
       0
       0
       0
       0
       0
       0
       0
       0
       0
       0
       0
       0
       0
       0
       0
       0
       0
       0
       0
       0
       0
       0
       0
       0
       0
       0
       0
       0
       0
       0
       0
       0
       0
       0
       0
       0
       0
       0
       0
       0
       0
       0
       0
       0
       0
       0
       0
       0
       0
       0
       0
       0
       0
       0
       0
       0
       0
       0
       0
       0
       0
       0
       0
       0
       0
       0
       0
       0
       0
       0
       0
       0
       0
       0
       0
       0
       0
       0
       0
       0
       0
       0
       0
       0
       0
       0
       0
       0
       0
       0
       0
       0
       0
       0
       0
       0
       0
       0
       0
       0
       0
       0
       0
       0
       0
       0
       0
       0
       0
       0
       0
       0
       0
       0
       0
       0
       0
       0
       0
       0
       0
       0
       0
       0
       0
       0
       0
       0
       0
       0
       0
       0
       0
       0
       0
       0
       0
       0
       0
       0
       0
       0
       0
       0
       0
       0
       0
       0
       0
       0
       0
       0
       0
       0
       0
       0
       0
       0
       0
       0
       0
       0
       0
       0
       0
       0
       0
       0
       0
       0
       0
       0
       0
       0
       0
       0
       0
       0
       0
       0
       0
       0
       0
       0
       0
       0
       0
       0
       0
       0
       0
       0
       0
       0
       0
       0
       0
       0
       0
       0
       0
       0
       0
       0
       0
       0
       0
       0
       0
       0
       0
       0
       0
       0
       0
       0
       0
       0
       0
       0
       0
       0
       0
       0
       0
       0
       0
       0
       0
       0
       0
       0
       0
       0
       0
       0
       0
       0
       0
       0
       0
       0
       0
       0
       0
       0
       0
       0
       0
       0
$ROI:
0
$PRESETS:
Real Time
900
0
$ENER_FIT:
0.000000 0.000000
$MCA_CAL:
3
0.000000E+000 0.000000E+000 0.000000E+000 
$SHAPE_CAL:
3
0.000000E+000 0.000000E+000 0.000000E+000
