$SPEC_ID:
Cobalt
$SPEC_REM:
DET# 1
DETDESC# PHYS-593-E Easy-MCA-2k SN 08353242
AP# Maestro Version 7.01
$DATE_MEA:
10/24/2018 15:42:34
$MEAS_TIM:
355 356
$DATA:
0 2047
       0
       0
       0
       0
       0
       0
       0
       0
       0
       0
       0
       0
       0
       0
       0
       0
       0
       0
       0
       0
       0
       0
       0
       0
       0
       0
       0
       0
       0
       0
       0
       0
       0
       0
       0
       0
       0
       0
       0
       0
       0
       0
       0
       0
       0
       0
       0
       0
       0
       0
       0
       0
       0
       0
       0
       0
       0
       0
       0
       0
       0
       0
       0
       0
       0
       0
       0
       0
       0
       0
       0
       0
       0
       0
       1
       0
       0
       0
       0
       0
       0
       1
       0
       0
       0
       0
       0
       0
       0
       0
       0
       1
       0
       0
       0
       1
       1
       0
       0
       0
       0
       1
       0
       0
       0
       1
       0
       0
       0
       0
       0
       1
       0
       0
       0
       0
       0
       1
       0
       0
       0
       0
       0
       0
       0
       0
       0
       1
       0
       0
       0
       0
       1
       1
       0
       0
       0
       0
       0
       0
       0
       0
       0
       0
       0
       0
       0
       0
       0
       0
       0
       0
       0
       0
       0
       0
       0
       0
       0
       0
       0
       0
       0
       0
       0
       0
       0
       0
       0
       0
       0
       0
       0
       2
       0
       0
       0
       0
       0
       0
       2
       0
       0
       0
       1
       0
       0
       0
       0
       1
       0
       0
       0
       0
       0
       0
       0
       0
       0
       0
       0
       0
       0
       0
       0
       0
       0
       1
       0
       0
       0
       0
       0
       0
       0
       0
       0
       0
       0
       0
       0
       1
       0
       1
       0
       0
       0
       0
       0
       0
       0
       1
       0
       0
       0
       0
       0
       0
       0
       0
       0
       0
       0
       0
       0
       0
       0
       0
       0
       0
       0
       0
       0
       0
       0
       0
       0
       0
       0
       0
       0
       0
       0
       0
       0
       0
       0
       0
       1
       0
       0
       0
       0
       0
       1
       0
       0
       0
       0
       0
       0
       2
       0
       0
       0
       0
       0
       1
       0
       0
       0
       0
       0
       0
       1
       0
       0
       0
       0
       0
       0
       0
       1
       0
       0
       0
       0
       0
       0
       0
       0
       0
       0
       0
       0
       0
       0
       0
       0
       0
       0
       0
       0
       0
       0
       1
       0
       0
       0
       0
       0
       0
       1
       0
       0
       0
       0
       0
       0
       1
       0
       2
       1
       1
       1
       2
       1
       2
       1
       1
       1
       0
       1
       0
       0
       1
       1
       2
       1
       1
       0
       1
       1
       0
       2
       2
       4
       1
       2
       2
       2
       1
       0
       4
       1
       0
       0
       3
       6
       3
       1
       4
       2
       1
       2
       2
       0
       3
       3
       0
       2
       3
       2
       1
       4
       2
       0
       1
       1
       0
       4
       2
       2
       2
       1
       2
       1
       1
       2
       1
       0
       2
       0
       1
       1
       0
       0
       1
       1
       1
       2
       2
       3
       1
       0
       0
       2
       0
       0
       1
       0
       1
       1
       1
       1
       1
       0
       3
       1
       1
       0
       2
       2
       0
       1
       3
       2
       2
       2
       2
       3
       1
       0
       1
       3
       0
       1
       0
       1
       0
       3
       2
       2
       0
       1
       2
       2
       0
       3
       0
       0
       1
       1
       0
       0
       1
       0
       5
       0
       0
       0
       0
       2
       0
       1
       1
       1
       2
       1
       1
       2
       1
       1
       1
       1
       1
       1
       0
       0
       1
       1
       1
       1
       2
       0
       1
       1
       1
       1
       3
       3
       3
       0
       0
       4
       2
       1
       1
       1
       1
       0
       0
       3
       2
       0
       0
       1
       0
       0
       2
       1
       1
       0
       1
       0
       1
       0
       0
       0
       2
       1
       3
       2
       1
       1
       0
       0
       0
       1
       0
       1
       2
       1
       0
       0
       1
       0
       2
       2
       1
       1
       1
       1
       1
       0
       0
       3
       0
       1
       0
       0
       0
       0
       0
       1
       1
       2
       0
       0
       0
       3
       1
       1
       1
       1
       0
       1
       1
       0
       1
       0
       1
       0
       0
       0
       1
       1
       0
       2
       2
       2
       0
       0
       1
       1
       0
       0
       1
       1
       1
       0
       2
       1
       1
       1
       0
       0
       2
       2
       0
       1
       1
       1
       2
       3
       3
       1
       2
       1
       2
       0
       2
       1
       1
       0
       2
       1
       1
       0
       1
       0
       1
       0
       2
       2
       0
       1
       0
       1
       0
       0
       1
       1
       2
       1
       0
       0
       1
       1
       0
       1
       0
       2
       1
       0
       0
       1
       2
       0
       1
       1
       1
       0
       2
       1
       1
       4
       1
       1
       2
       0
       2
       2
       3
       0
       0
       1
       0
       1
       0
       0
       0
       0
       1
       0
       0
       3
       2
       2
       1
       3
       1
       0
       1
       1
       3
       0
       2
       0
       1
       4
       4
       2
       0
       1
       1
       3
       1
       1
       1
       0
       2
       1
       0
       1
       2
       4
       1
       1
       0
       1
       0
       2
       0
       1
       0
       2
       1
       0
       3
       0
       0
       1
       0
       1
       0
       2
       2
       1
       0
       1
       3
       0
       2
       2
       0
       1
       1
       1
       0
       2
       2
       0
       1
       2
       2
       0
       0
       2
       1
       2
       0
       4
       1
       2
       0
       0
       1
       1
       1
       2
       2
       4
       2
       3
       2
       1
       1
       1
       0
       2
       1
       2
       2
       2
       1
       1
       2
       1
       1
       0
       2
       3
       0
       0
       1
       1
       1
       1
       0
       2
       1
       2
       3
       3
       0
       3
       2
       3
       3
       1
       0
       2
       4
       0
       1
       1
       0
       1
       0
       1
       4
       2
       1
       0
       1
       0
       0
       2
       0
       0
       1
       2
       0
       1
       1
       1
       2
       1
       0
       0
       2
       0
       0
       0
       1
       0
       2
       0
       1
       2
       3
       1
       1
       0
       1
       1
       1
       0
       1
       0
       0
       0
       0
       1
       2
       1
       2
       1
       1
       2
       0
       2
       2
       3
       1
       0
       1
       2
       1
       2
       3
       1
       1
       1
       3
       0
       3
       1
       0
       0
       2
       3
       3
       2
       1
       0
       0
       2
       0
       0
       1
       0
       2
       0
       2
       0
       0
       2
       1
       0
       1
       1
       2
       1
       1
       0
       1
       2
       0
       2
       2
       2
       1
       1
       0
       1
       1
       0
       1
       0
       2
       2
       2
       0
       2
       2
       1
       2
       0
       1
       0
       1
       1
       0
       1
       1
       2
       2
       0
       0
       2
       2
       0
       1
       1
       2
       1
       1
       2
       0
       1
       0
       2
       3
       0
       1
       0
       1
       1
       2
       2
       1
       0
       1
       1
       2
       2
       1
       0
       0
       1
       3
       3
       1
       0
       0
       0
       0
       0
       0
       2
       3
       1
       2
       0
       2
       0
       2
       2
       1
       0
       1
       2
       0
       2
       1
       0
       1
       0
       1
       3
       5
       2
       2
       2
       0
       1
       0
       1
       1
       3
       0
       1
       1
       3
       3
       2
       1
       0
       1
       2
       0
       2
       2
       0
       2
       2
       0
       1
       0
       2
       1
       1
       0
       1
       1
       1
       2
       1
       3
       3
       2
       0
       1
       1
       0
       6
       4
       2
       1
       2
       3
       0
       1
       3
       4
       2
       2
       0
       4
       1
       1
       1
       2
       0
       1
       2
       2
       1
       0
       0
       4
       2
       5
       0
       2
       2
       3
       0
       2
       1
       1
       2
       1
       0
       1
       1
       1
       4
       1
       2
       2
       0
       2
       2
       1
       0
       0
       3
       3
       1
       1
       1
       3
       1
       2
       2
       0
       2
       2
       1
       0
       1
       0
       0
       0
       2
       0
       2
       0
       1
       1
       2
       3
       0
       1
       2
       1
       1
       3
       3
       2
       1
       3
       1
       1
       3
       5
       0
       0
       0
       0
       0
       0
       2
       0
       2
       2
       3
       3
       3
       4
       4
       3
       3
       1
       2
       0
       2
       4
       0
       2
       2
       0
       1
       0
       0
       0
       0
       1
       1
       5
       0
       1
       4
       1
       2
       2
       1
       3
       1
       2
       0
       3
       1
       1
       0
       1
       1
       2
       0
       2
       1
       2
       2
       2
       1
       3
       0
       2
       5
       1
       2
       0
       2
       1
       3
       1
       1
       2
       3
       7
       1
       1
       2
       0
       1
       0
       0
       1
       0
       2
       0
       4
       3
       4
       4
       5
       0
       2
       2
       0
       1
       3
       1
       2
       1
       0
       3
       1
       3
       1
       1
       3
       5
       1
       0
       1
       3
       0
       1
       2
       0
       3
       0
       0
       0
       1
       2
       4
       3
       4
       4
       2
       2
       0
       1
       1
       3
       3
       1
       4
       2
       4
       1
       0
       2
       3
       1
       0
       0
       1
       0
       1
       1
       1
       1
       2
       2
       1
       3
       2
       1
       1
       3
       2
       1
       0
       4
       4
       1
       2
       0
       1
       2
       1
       0
       2
       1
       1
       0
       3
       4
       3
       0
       3
       6
       1
       3
       3
       4
       3
       3
       0
       2
       3
       1
       2
       4
       5
       5
       0
       2
       1
       0
       0
       1
       1
       1
       3
       2
       2
       0
       0
       1
       3
       0
       3
       0
       2
       1
       1
       2
       2
       3
       1
       5
       1
       6
       0
       3
       0
       5
       0
       1
       1
       6
       5
       4
       4
       4
       1
       1
       2
       6
       1
       2
       4
       2
       1
       1
       0
       3
       6
       2
       5
       4
       4
       2
       3
       1
       2
       3
       2
       3
       3
       4
       0
       1
       1
       4
       3
       3
       1
       4
       4
       3
       2
       2
       3
       2
       1
       7
       2
       5
       7
       2
       3
       3
       5
       3
       7
       5
       6
       6
       3
       2
       3
      11
       5
       6
       6
       3
       7
       4
       7
       3
       5
       6
      11
       7
      14
       9
       8
       7
       7
      10
       7
       4
       4
       4
       8
       6
       8
       8
       4
       4
       8
      10
      10
      11
      11
       6
      12
      12
       4
       8
      15
      15
       7
      15
      13
      13
      14
      14
      13
      14
       7
      12
      16
      11
      11
      11
      15
      16
      18
      14
      13
       8
      18
      12
      22
       8
      24
      20
      21
      21
      20
      17
      14
      12
      19
      25
      14
      21
      16
      17
      16
      17
      18
      22
      24
      25
      17
      15
      16
      20
      17
      15
      16
      17
      19
      21
      18
      15
      16
      12
      21
      17
      12
       7
      10
      19
      11
       9
      13
       5
       7
       6
       5
       3
      13
       7
       7
       6
       3
       2
       3
       4
       4
       4
       3
       1
       3
       1
       2
       1
       1
       1
       2
       1
       2
       1
       1
       1
       0
       0
       0
       0
       1
       0
       1
       0
       0
       1
       0
       0
       0
       0
       0
       0
       0
       0
       0
       0
       0
       0
       0
       0
       0
       0
       0
       0
       0
       0
       0
       0
       0
       0
       0
       0
       0
       0
       0
       0
       0
       0
       0
       0
       0
       0
       0
       0
       0
       0
       0
       0
       0
       0
       0
       0
       0
       0
       0
       0
       0
       0
       0
       0
       0
       0
       0
       0
       0
       0
       0
       0
       0
       0
       0
       0
       0
       0
       0
       0
       0
       0
       0
       0
       0
       0
       0
       0
       0
       0
       1
       0
       0
       0
       0
       0
       0
       0
       0
       0
       0
       0
       0
       0
       0
       0
       0
       0
       0
       0
       0
       0
       0
       0
       0
       0
       0
       0
       0
       0
       0
       0
       0
       0
       0
       0
       0
       0
       0
       0
       0
       0
       0
       0
       0
       0
       0
       0
       0
       1
       0
       0
       0
       0
       0
       0
       0
       0
       0
       0
       0
       0
       0
       0
       0
       0
       0
       0
       0
       0
       0
       1
       0
       0
       0
       0
       0
       0
       0
       0
       0
       0
       0
       0
       0
       0
       0
       0
       0
       0
       0
       0
       0
       0
       0
       0
       0
       0
       1
       1
       1
       0
       0
       0
       0
       1
       0
       0
       0
       0
       0
       0
       0
       0
       0
       0
       0
       0
       0
       0
       0
       0
       0
       0
       0
       0
       0
       0
       0
       0
       0
       0
       0
       0
       0
       0
       0
       0
       0
       0
       0
       0
       0
       0
       0
       0
       0
       0
       0
       0
       0
       0
       0
       0
       0
       0
       0
       0
       0
       0
       0
       0
       0
       0
       0
       0
       0
       0
       0
       0
       0
       0
       0
       0
       0
       0
       0
       0
       0
       0
       0
       0
       0
       0
       0
       0
       0
       0
       0
       0
       0
       0
       0
       0
       0
       0
       0
       0
       0
       0
       0
       0
       0
       0
       0
       0
       0
       0
       0
       0
       0
       0
       0
       0
       0
       0
       0
       0
       0
       0
       0
       0
       0
       0
       0
       0
       0
       0
       0
       0
       0
       0
       0
       0
       0
       0
       0
       0
       0
       0
       0
       0
       0
       0
       0
       0
       0
       0
       0
       0
       0
       0
       0
       0
       0
       0
       0
       0
       0
       0
       0
       0
       0
       0
       0
       0
       0
       0
       0
       0
       0
       0
       0
       0
       0
       0
       0
       0
       0
       0
       0
       0
       0
       0
       0
       0
       0
       0
       0
       0
       0
       0
       0
       0
       0
       0
       0
       0
       0
       0
       0
       0
       0
       0
       0
       0
       0
       0
       0
       0
       0
       0
       0
       0
       0
       0
       0
       0
       0
       0
       0
       0
       0
       0
       0
       0
       0
       0
       0
       0
       0
       0
       0
       0
       0
       0
       0
       0
       0
       0
       0
       0
       0
       0
       0
       0
       0
       0
       0
       0
       0
       0
       0
       0
       0
       0
       0
       0
       0
       0
       0
       0
       0
       0
       0
       0
       0
       0
       0
       0
       0
       0
$ROI:
0
$PRESETS:
Real Time
900
0
$ENER_FIT:
0.000000 0.000000
$MCA_CAL:
3
0.000000E+000 0.000000E+000 0.000000E+000 
$SHAPE_CAL:
3
0.000000E+000 0.000000E+000 0.000000E+000
