$SPEC_ID:
Cobalt
$SPEC_REM:
DET# 1
DETDESC# PHYS-593-E Easy-MCA-2k SN 08353242
AP# Maestro Version 7.01
$DATE_MEA:
10/24/2018 15:50:15
$MEAS_TIM:
651 652
$DATA:
0 2047
       0
       0
       0
       0
       0
       0
       0
       0
       0
       0
       0
       0
       0
       0
       0
       0
       0
       0
       0
       0
       0
       0
       0
       0
       0
       0
       0
       0
       0
       0
       0
       0
       0
       0
       0
       0
       0
       0
       0
       0
       0
       0
       0
       0
       0
       0
       0
       0
       0
       0
       0
       0
       0
       0
       0
       0
       0
       0
       0
       0
       0
       0
       0
       0
       0
       0
       0
       0
       0
       0
       0
       0
       1
       1
       0
       0
       3
       0
       0
       0
       0
       0
       1
       0
       1
       0
       0
       1
       0
       0
       0
       1
       1
       0
       0
       1
       0
       1
       0
       0
       0
       1
       1
       1
       0
       1
       0
       1
       0
       0
       0
       0
       2
       1
       0
       0
       0
       1
       0
       1
       0
       0
       1
       0
       1
       1
       0
       0
       0
       0
       1
       0
       0
       0
       0
       0
       0
       0
       0
       0
       0
       0
       1
       0
       0
       0
       0
       0
       0
       1
       0
       0
       0
       0
       1
       0
       0
       0
       0
       0
       0
       0
       1
       1
       1
       0
       0
       0
       0
       1
       0
       0
       0
       0
       0
       0
       0
       0
       1
       0
       0
       0
       0
       0
       0
       0
       0
       1
       0
       0
       0
       0
       0
       0
       0
       0
       1
       0
       1
       0
       0
       0
       0
       0
       0
       0
       0
       0
       0
       1
       1
       0
       0
       1
       0
       0
       0
       0
       0
       0
       0
       0
       0
       0
       0
       1
       0
       0
       0
       0
       0
       0
       1
       0
       0
       0
       0
       0
       0
       0
       0
       0
       1
       0
       0
       0
       0
       0
       0
       0
       0
       0
       0
       0
       0
       0
       0
       0
       0
       0
       0
       0
       0
       0
       0
       0
       0
       0
       0
       0
       0
       1
       0
       0
       0
       0
       0
       2
       0
       1
       0
       0
       0
       1
       0
       0
       0
       0
       1
       1
       0
       1
       0
       0
       0
       0
       0
       0
       0
       0
       0
       0
       0
       0
       0
       0
       0
       0
       0
       1
       0
       0
       1
       0
       0
       0
       0
       0
       0
       0
       1
       0
       1
       0
       0
       0
       1
       2
       1
       0
       0
       0
       1
       1
       1
       1
       0
       0
       0
       0
       1
       0
       1
       1
       0
       0
       0
       0
       3
       0
       1
       1
       2
       0
       4
       4
       1
       5
       2
       2
       0
       5
       5
       2
       1
       2
       3
       5
       1
       1
       3
       7
       8
       3
       2
       2
       3
       1
       1
       2
       4
       2
       2
       3
       4
       2
       4
       2
       2
       4
       6
       4
       2
       3
       3
       4
       4
       2
       4
       0
       3
       1
       5
       3
       5
       3
       5
       4
       0
       2
       4
       1
       3
       6
       1
       4
       3
       2
       0
       6
       4
       3
       5
       1
       2
       8
       2
       2
       1
       3
       1
       1
       2
       3
       2
       2
       2
       2
       3
       2
       4
       1
       3
       2
       4
       3
       4
       4
       3
       1
       3
       1
       2
       1
       4
       2
       3
       3
       0
       5
       3
       2
       3
       6
       6
       3
       4
       2
       4
       1
       1
       2
       1
       4
       3
       3
       1
       4
       3
       5
       1
       0
       3
       2
       3
       1
       3
       2
       2
       3
       2
       1
       4
       0
       3
       2
       1
       0
       3
       4
       4
       0
       2
       4
       2
       1
       2
       1
       3
       2
       4
       5
       1
       0
       0
       2
       4
       3
       4
       2
       1
       3
       2
       1
       0
       1
       0
       1
       3
       4
       1
       1
       1
       4
       2
       2
       0
       0
       4
       3
       0
       2
       1
       2
       1
       1
       1
       1
       2
       0
       1
       0
       1
       0
       2
       2
       1
       0
       0
       1
       2
       1
       2
       2
       1
       4
       1
       1
       2
       3
       5
       5
       4
       1
       2
       1
       4
       2
       0
       0
       2
       4
       1
       6
       4
       3
       2
       1
       1
       2
       3
       1
       0
       1
       2
       1
       2
       0
       2
       1
       2
       2
       0
       1
       4
       3
       3
       4
       4
       2
       1
       1
       2
       2
       1
       1
       2
       3
       1
       1
       2
       0
       5
       3
       2
       3
       0
       1
       2
       5
       2
       3
       4
       1
       5
       3
       0
       3
       3
       1
       1
       1
       1
       1
       4
       3
       0
       3
       3
       1
       2
       2
       2
       1
       2
       3
       2
       1
       1
       5
       1
       1
       7
       4
       2
       2
       2
       3
       3
       0
       1
       1
       1
       0
       3
       2
       1
       2
       3
       3
       2
       2
       3
       3
       1
       4
       1
       4
       4
       1
       2
       1
       4
       1
       2
       2
       0
       1
       4
       3
       3
       3
       1
       3
       1
       3
       2
       0
       4
       3
       2
       3
       1
       2
       2
       3
       4
       0
       1
       3
       2
       5
       1
       4
       1
       1
       3
       5
       5
       3
       2
       9
       0
       4
       2
       4
       3
       4
       3
       3
       3
       1
       1
       6
       3
       1
       3
       2
       4
       1
       2
       2
       3
       1
       7
       1
       3
       2
       1
       1
       3
       5
       2
       3
       2
       1
       2
       4
       4
       4
       2
       1
       3
       0
       1
       1
       3
       3
       1
       2
       5
       4
       2
       1
       3
       2
       1
       3
       5
       2
       2
       4
       3
       2
       2
       1
       1
       1
       2
       1
       2
       2
       1
       1
       1
       4
       1
       1
       2
       2
       1
       1
       0
       3
       1
       0
       2
       3
       3
       1
      10
       5
       1
       1
       5
       1
       1
       1
       1
       4
       3
       3
       2
       1
       2
       1
       1
       2
       2
       2
       3
       3
       2
       0
       3
       1
       4
       3
       2
       5
       4
       2
       3
       1
       1
       4
       4
       0
       1
       4
       1
       2
       2
       2
       1
       1
       0
       4
       2
       2
       2
       2
       3
       0
       1
       2
       3
       1
       3
       1
       1
       2
       1
       2
       2
       1
       2
       0
       1
       1
       0
       1
       3
       2
       0
       2
       1
       0
       2
       1
       1
       2
       0
       1
       2
       2
       0
       0
       1
       0
       0
       1
       4
       2
       0
       0
       1
       3
       0
       0
       0
       0
       4
       5
       0
       2
       3
       4
       4
       1
       4
       2
       3
       2
       1
       1
       1
       1
       6
       1
       2
       2
       2
       2
       2
       1
       3
       0
       0
       2
       2
       2
       4
       2
       0
       3
       1
       2
       1
       1
       2
       2
       2
       1
       1
       0
       2
       0
       0
       4
       0
       2
       1
       1
       2
       0
       1
       1
       2
       2
       3
       2
       1
       2
       2
       1
       4
       2
       1
       2
       1
       0
       5
       0
       2
       3
       2
       0
       0
       3
       3
       3
       1
       2
       2
       0
       0
       4
       0
       0
       1
       2
       3
       1
       4
       4
       1
       4
       1
       5
       5
       3
       1
       1
       4
       0
       2
       1
       2
       3
       1
       1
       3
       4
       1
       4
       0
       2
       4
       0
       3
       4
       3
       6
       1
       2
       3
       2
       2
       0
       0
       3
       3
       2
       5
       3
       0
       4
       3
       2
       2
       0
       7
       3
       1
       2
       9
       7
       2
       1
       3
       1
       3
       4
       1
       5
       3
       4
       4
       6
       5
       4
       1
       2
       2
       3
       3
       3
       5
       3
       1
       3
       2
       1
       1
       2
       3
       1
       2
       4
       1
       0
       1
       5
       5
       1
       3
       4
       0
       2
       4
       2
       1
       0
       2
       0
       1
       2
       2
       5
       2
       5
       1
       1
       3
       2
       5
       1
       1
       0
       2
       3
       3
       2
       4
       2
       4
       2
       2
       1
       3
       2
       1
       2
       6
       2
       3
       5
       2
       2
       1
       3
       2
       3
       4
       3
       4
       1
       0
       2
       5
       2
       2
       1
       2
       3
       1
       3
       0
       2
       2
       3
       8
       4
       2
       2
       2
       4
       1
       0
       1
       1
       3
       2
       4
       4
       5
       4
       2
       1
       3
       3
       4
       4
       4
       7
       4
       4
       2
       4
       2
       3
       4
       3
       4
       0
       1
       2
       5
       2
       8
       1
       5
       1
       3
       1
       3
       2
       2
       1
       7
       4
       5
       4
       5
       3
       4
       3
       5
       0
       3
       7
       2
       7
       6
       3
       2
       4
       1
       2
       3
       2
       4
       2
       3
       4
       4
       5
       4
       1
       4
       2
       5
       5
       2
       2
       0
       4
       5
       4
       3
       5
       3
       4
       4
       2
       3
       1
       6
       4
       4
       2
       3
       3
       4
       5
       3
       5
       2
       4
       6
       3
       5
       2
       4
       1
       4
       8
       2
       4
       2
       6
       2
       5
       4
       7
       3
       4
       6
       4
       3
       3
       2
       4
       0
       2
       3
       5
       1
       5
       4
       5
       3
       7
       5
       2
       2
       6
       2
       1
       1
       1
       3
       2
       2
       4
       2
       4
       5
       7
       3
       7
       6
       7
       3
       4
       3
       3
       5
       6
      11
       3
       2
       4
       1
       4
       3
       4
       2
       4
       4
       0
       5
       2
       5
       2
       3
       6
       3
       3
       3
       3
       5
       2
       3
       6
       4
       1
       1
       9
       4
       4
       2
       4
       3
       5
       5
       7
       2
       8
       3
       5
       3
       5
       2
       4
       7
       3
       3
       2
       3
       4
       2
       7
       5
       7
       7
       7
       4
       4
       5
       8
       4
       2
       4
       2
      11
       4
       2
       6
       6
       4
       2
       4
       1
       4
       4
       3
       6
       8
       3
       3
       6
       7
       3
       2
       4
       6
       6
       4
       7
       9
       5
       6
       5
       7
       5
       5
       4
      11
       6
       3
       8
       8
      10
      11
       9
       7
       6
      11
       6
       4
       7
       7
      14
       7
       5
       8
      12
      14
      10
       8
      16
      13
       8
       5
      12
      16
      10
       7
      14
      16
      12
      15
      14
      15
      16
       9
      17
      17
      18
      20
      19
      17
      19
      17
      18
      30
      21
      21
      23
      27
      14
      14
      19
      22
      26
      27
      31
      32
      22
      24
      29
      36
      24
      28
      34
      26
      30
      30
      29
      39
      36
      38
      29
      28
      30
      25
      34
      42
      26
      30
      30
      32
      33
      35
      33
      39
      43
      46
      36
      30
      23
      44
      49
      42
      40
      32
      25
      35
      32
      39
      39
      31
      31
      16
      32
      28
      26
      36
      29
      25
      22
      21
      18
      19
      26
      22
      17
      27
      22
      15
      10
      19
       6
      11
       4
       9
      10
       3
       7
      10
       3
       6
       7
       3
       3
       1
       3
       3
       4
       0
       3
       0
       2
       0
       2
       1
       1
       0
       0
       0
       0
       0
       1
       0
       0
       0
       0
       0
       0
       0
       0
       0
       0
       0
       0
       0
       0
       0
       0
       0
       0
       0
       0
       0
       0
       0
       0
       1
       0
       0
       0
       0
       0
       0
       1
       0
       0
       0
       0
       0
       0
       0
       0
       0
       1
       0
       0
       0
       0
       1
       0
       0
       0
       0
       1
       0
       0
       0
       0
       0
       0
       0
       0
       0
       0
       0
       0
       0
       0
       0
       0
       0
       0
       0
       0
       0
       0
       0
       0
       0
       0
       0
       0
       0
       0
       0
       0
       0
       0
       0
       1
       0
       0
       1
       0
       0
       0
       0
       0
       1
       0
       0
       0
       0
       0
       0
       0
       0
       0
       0
       0
       0
       0
       0
       0
       0
       0
       0
       0
       0
       0
       0
       0
       0
       0
       0
       0
       0
       0
       0
       0
       1
       0
       0
       0
       1
       0
       0
       1
       0
       0
       0
       0
       0
       0
       0
       0
       1
       0
       0
       0
       0
       0
       0
       0
       0
       0
       0
       0
       0
       0
       0
       0
       0
       0
       0
       0
       0
       0
       0
       0
       0
       0
       0
       1
       1
       0
       0
       0
       0
       0
       0
       0
       0
       0
       0
       0
       0
       0
       1
       0
       0
       0
       0
       0
       0
       0
       0
       0
       1
       0
       0
       0
       0
       0
       0
       1
       1
       0
       0
       0
       0
       0
       0
       0
       0
       1
       0
       0
       0
       0
       0
       0
       0
       0
       0
       0
       0
       0
       0
       0
       0
       0
       0
       0
       0
       0
       0
       0
       0
       0
       0
       0
       0
       0
       0
       0
       0
       0
       0
       0
       0
       0
       0
       0
       0
       0
       0
       0
       0
       0
       0
       0
       0
       0
       0
       0
       0
       0
       0
       0
       0
       0
       0
       0
       0
       0
       0
       0
       0
       0
       0
       0
       0
       0
       0
       0
       0
       0
       0
       0
       0
       0
       0
       0
       0
       0
       0
       0
       0
       0
       0
       0
       0
       0
       0
       0
       0
       0
       0
       0
       0
       0
       0
       0
       0
       0
       0
       0
       0
       0
       0
       0
       0
       0
       0
       0
       0
       0
       0
       0
       0
       0
       0
       0
       0
       0
       0
       0
       0
       0
       0
       0
       0
       0
       0
       0
       0
       0
       0
       0
       0
       0
       0
       0
       0
       0
       0
       0
       0
       0
       0
       0
       0
       0
       0
       0
       0
       0
       0
       0
       0
       0
       0
       0
       0
       0
       0
       0
       0
       0
       0
       0
       0
       0
       0
       0
       0
       0
       0
       0
       0
       0
       0
       0
       0
       0
       0
       0
       0
       0
       0
       0
       0
       0
       0
       0
       0
       0
       0
       0
       0
       0
       0
       0
       0
       0
       0
       0
       0
       0
       0
       0
       0
       0
       0
       0
       0
       0
       0
       0
       0
       0
       0
       0
       0
       0
       0
       0
       0
       0
       0
       0
       0
       0
       0
       0
       0
       0
       0
       0
       0
       0
       0
       0
       0
$ROI:
0
$PRESETS:
Real Time
900
0
$ENER_FIT:
0.000000 0.000000
$MCA_CAL:
3
0.000000E+000 0.000000E+000 0.000000E+000 
$SHAPE_CAL:
3
0.000000E+000 0.000000E+000 0.000000E+000
