$SPEC_ID:
Cobalt
$SPEC_REM:
DET# 1
DETDESC# PHYS-593-E Easy-MCA-2k SN 08353242
AP# Maestro Version 7.01
$DATE_MEA:
10/24/2018 14:48:28
$MEAS_TIM:
775 776
$DATA:
0 2047
       0
       0
       0
       0
       0
       0
       0
       0
       0
       0
       0
       0
       0
       0
       0
       0
       0
       0
       0
       0
       0
       0
       0
       0
       0
       0
       0
       0
       0
       0
       0
       0
       0
       0
       0
       0
       0
       0
       0
       0
       0
       0
       0
       0
       0
       0
       0
       0
       0
       0
       0
       0
       0
       0
       0
       0
       0
       0
       0
       0
       0
       0
       0
       0
       0
       0
       0
       0
       0
       0
       0
       1
       2
       0
       0
       0
       1
       0
       0
       0
       0
       0
       1
       0
       0
       0
       0
       0
       0
       0
       0
       0
       0
       0
       0
       0
       0
       0
       0
       0
       1
       0
       0
       0
       0
       1
       0
       0
       1
       0
       1
       0
       0
       0
       0
       0
       0
       0
       0
       0
       0
       1
       0
       0
       2
       1
       0
       1
       0
       0
       0
       1
       0
       0
       0
       0
       0
       0
       0
       0
       0
       0
       0
       0
       0
       0
       1
       0
       1
       0
       0
       0
       0
       1
       0
       0
       0
       0
       0
       1
       0
       0
       0
       0
       1
       0
       0
       0
       0
       0
       0
       0
       1
       1
       0
       0
       1
       0
       0
       0
       0
       1
       0
       0
       0
       1
       0
       0
       0
       0
       0
       1
       0
       0
       0
       0
       0
       0
       0
       0
       0
       1
       0
       0
       1
       0
       0
       0
       0
       0
       0
       0
       0
       0
       0
       0
       0
       0
       1
       0
       0
       0
       1
       0
       0
       0
       0
       0
       1
       1
       0
       0
       0
       0
       0
       0
       0
       0
       1
       1
       0
       0
       1
       1
       0
       0
       1
       0
       0
       0
       1
       0
       1
       1
       0
       0
       0
       0
       0
       0
       0
       0
       1
       0
       0
       0
       0
       0
       0
       0
       0
       2
       0
       0
       0
       0
       0
       0
       0
       1
       0
       0
       0
       1
       1
       1
       0
       2
       2
       0
       2
       3
       1
       2
       2
       0
       0
       0
       0
       2
       3
       1
       0
       2
       1
       4
       3
       2
       3
       1
       2
       3
       6
       5
       5
       4
       6
       0
       2
       4
       5
       1
       3
       4
       0
       4
       3
       3
       5
       3
       5
       3
       3
       6
       2
       4
       4
       6
       5
       1
       5
       6
       3
       6
       2
       3
       2
       3
       6
       4
       2
       2
       8
       4
       6
       5
       4
       7
       2
       8
       4
       4
       2
       6
       1
       3
       3
       1
       3
       3
       1
       4
       5
       2
       4
       4
       4
       2
       2
       4
       4
       2
       3
       4
       3
       2
       3
       5
       2
       2
       3
       0
       2
       1
       0
       5
       6
       4
       4
       5
       3
       6
       3
       4
       1
       1
       3
       7
       5
       1
       0
       4
       2
       4
       3
       3
       2
       7
       5
       3
       2
       2
       1
       2
       0
       2
       2
       5
       2
       3
       4
       3
       2
       1
       3
       3
       5
       8
       2
       0
       5
       3
       5
       4
       1
       4
       0
       5
       2
       6
       1
       4
       1
       1
       5
       3
       1
       3
       2
       3
       2
       4
       2
       3
       4
       2
       1
       3
       2
       3
       1
       5
       6
       3
       1
       1
       1
       5
       3
       2
       6
       1
       1
       4
       3
       0
       3
       2
       3
       5
       2
       3
       1
       5
       3
       1
       4
       1
       2
       2
       2
       3
       0
       2
       3
       2
       2
       2
       3
       2
       2
       3
       1
       2
       7
       2
       2
       2
       7
       3
       3
       2
       6
       4
       1
       5
       0
       2
       2
       3
       0
       2
       2
       4
       4
       0
       0
       5
       2
       1
       2
       2
       1
       2
       2
       1
       4
       1
       2
       2
       2
       6
       2
       2
       5
       5
       4
       2
       4
       2
       2
       1
       2
       4
       4
       4
       2
       4
       3
       2
       5
       5
       0
       1
       4
       5
       0
       4
       3
       2
       3
       2
       3
       0
       3
       4
       5
       0
       0
       3
       2
       2
       2
       5
       3
       4
       4
       1
       1
       1
       2
       2
       3
       3
       3
       4
       3
       2
       1
       2
       5
       1
       1
       4
       2
       1
       2
       4
       3
       2
       3
       2
       2
       5
       2
       1
       1
       0
       6
       1
       5
       3
       1
       5
       4
       5
       3
       4
       1
       2
       6
       3
       3
       2
       2
       3
       2
       2
       4
       1
       2
       2
       4
       2
       5
       1
       2
       5
       3
       2
       6
       3
       4
       4
       2
       0
       3
       2
       2
       3
       4
       3
       3
       4
       3
       3
       2
       1
       6
       3
       3
       5
       6
       4
       7
       5
       4
       1
       3
       3
       2
       2
       5
       2
       5
       2
       3
       2
       3
       1
       0
       0
       1
       2
       2
       1
       5
       3
       2
       2
       2
       5
       5
       2
       1
       4
       0
       6
       5
       1
       3
       2
       3
       1
       2
       9
       3
       2
       4
       1
       2
       1
       2
       2
       2
       2
       2
       1
       4
       3
       1
       3
       3
       7
       4
       3
       3
       1
       1
       3
       7
       3
       1
       2
       4
       2
       4
       3
       3
       3
       2
       1
       3
       5
       1
       4
       3
       0
       5
       0
       2
       5
       0
       4
       3
       6
       4
       1
       3
       5
       1
       0
       3
       1
       0
       0
       3
       3
       4
       4
       0
       2
       3
       0
       3
       1
       2
       6
       2
       2
       5
       2
       1
       3
       1
       1
       4
       4
       2
       0
       1
       0
       4
       1
       3
       2
       1
       2
       2
       2
       5
       3
       4
       2
       1
       4
       0
       1
       0
       1
       2
       3
       3
       2
       2
       3
       1
       2
       0
       0
       0
       2
       1
       1
       0
       3
       0
       4
       3
       2
       4
       5
       1
       4
       1
       3
       3
       2
       2
       1
       1
       1
       5
       5
       2
       1
       2
       0
       0
       3
       1
       1
       0
       0
       3
       2
       2
       2
       2
       4
       1
       1
       1
       3
       2
       0
       2
       1
       1
       2
       2
       4
       1
       0
       4
       0
       6
       4
       3
       3
       2
       5
       4
       4
       2
       3
       3
       1
       0
       3
       5
       2
       1
       2
       1
       4
       2
       2
       1
       0
       0
       2
       2
       1
       2
       1
       0
       2
       4
       0
       2
       1
       1
       3
       3
       3
       4
       3
       3
       4
       2
       2
       2
       3
       5
       4
       6
       1
       6
       2
       3
       2
       2
       1
       3
       2
       3
       4
       4
       2
       4
       6
       5
       3
       2
       5
       4
       6
       5
       2
       3
       5
       2
       4
       1
       4
       4
       4
       4
       3
       1
       2
       4
       0
       3
       3
       6
       6
       5
       6
       3
       3
       3
       3
       3
       1
       3
       2
       3
       4
       3
       3
       3
       4
       5
       3
       2
       2
       4
       0
       5
       5
       1
       4
       2
       5
       2
       2
       6
       4
       1
       1
       2
       5
       3
       1
       5
       3
       1
       5
       1
       2
       5
       2
       4
       8
       7
       1
       2
       6
       3
       4
       2
       3
       6
       1
       2
       3
       1
       5
       7
       0
       3
       3
       2
       6
       3
       2
       2
       3
       2
       3
       1
       0
       3
       4
       4
       3
       3
       3
       0
       3
       4
       5
       4
       1
       2
       3
       3
       4
       1
       4
       1
       3
       2
       2
       2
       1
       2
       5
       0
       6
       4
       1
       4
       1
       5
       5
       7
       3
       1
       2
       2
       6
       2
       1
       3
       2
       4
       1
       2
       2
       4
       2
       2
       6
       3
       2
       3
       1
       1
       4
       3
       2
       6
       6
       3
       5
       6
       1
       7
       6
       3
       2
       1
       3
       2
       6
       4
       5
       3
       3
       3
       3
       4
       3
       3
       5
       7
       4
       4
       4
       1
       1
       5
       4
       9
       4
       2
       1
       3
       1
       4
       2
       1
       4
       5
       3
       1
       2
       5
       2
       6
       3
       3
       3
       4
       4
       5
       4
       6
       3
       3
       1
       3
       5
       4
       3
       6
       4
       3
       4
       3
       3
       1
       4
       3
       6
       2
       2
       6
       1
       4
       5
       2
       3
       2
       3
       2
       3
       2
       4
       5
       6
       4
       5
       5
       3
       3
       6
       7
       1
       2
       1
       4
       2
       3
       4
       5
       6
       1
       1
       5
       2
       2
       1
       7
       5
       1
       2
       3
       2
       6
       4
       3
       0
       2
       5
       9
       2
       4
       4
       2
       1
       2
       4
       7
       2
       2
       6
       3
       6
       5
       5
       4
      10
       2
       5
       1
       7
       8
       7
       7
       7
       5
       2
       2
       5
       4
       6
       2
       4
       2
       7
       2
       3
       5
       5
       7
       4
       3
       4
       5
       8
       6
       6
       4
       5
       4
       4
       6
       3
       5
       4
       7
       2
       7
       2
       6
       3
       5
       4
       3
       4
       5
       5
       3
       4
       5
       4
       7
       5
       2
       5
       2
       4
       4
       6
       2
       4
       6
       6
       3
       5
       5
       4
       5
       3
       4
       5
       5
       5
       7
       5
       3
       8
       4
       4
       4
      10
       4
       5
       6
       7
       3
       8
       4
       7
       4
       3
       3
       0
       4
       3
       4
       1
       3
       6
       4
       2
       4
       2
       4
       4
       5
       6
       9
       5
       6
       3
       8
       6
       2
       2
       5
       4
       3
       8
       5
       3
       5
       5
       6
       6
       6
       8
       8
       8
       8
       3
       8
       7
      11
       6
       3
       6
      14
       6
       9
      10
       7
      11
       8
       8
       8
      11
       4
       5
       8
       8
      11
      11
      12
       9
      12
       8
       9
      16
       9
      17
      17
      12
      12
      11
      14
      10
      12
      18
      14
      14
      18
      10
      17
      13
      18
      15
      17
      18
      18
      19
      13
      25
      21
      18
      18
      19
      22
      26
      23
      26
      19
      28
      33
      25
      34
      31
      30
      36
      38
      33
      25
      24
      25
      30
      25
      30
      29
      30
      32
      42
      37
      27
      41
      37
      36
      38
      26
      42
      35
      42
      37
      48
      33
      28
      45
      47
      35
      30
      45
      35
      29
      37
      36
      35
      37
      33
      39
      52
      41
      34
      39
      38
      41
      30
      35
      32
      32
      34
      29
      39
      27
      35
      37
      33
      22
      20
      16
      18
      20
      16
      24
      12
      11
      16
      12
      12
      14
      12
       8
       5
      11
       7
       5
       5
       5
       3
       8
       3
       0
       6
       4
       1
       2
       1
       2
       1
       3
       0
       1
       0
       0
       0
       1
       0
       0
       0
       1
       0
       0
       1
       0
       2
       0
       0
       0
       0
       0
       0
       0
       0
       0
       1
       0
       0
       0
       0
       0
       0
       0
       0
       1
       0
       0
       0
       0
       0
       0
       0
       0
       1
       1
       0
       0
       0
       1
       0
       0
       1
       0
       0
       0
       0
       0
       0
       0
       0
       0
       1
       0
       0
       0
       0
       0
       0
       0
       0
       0
       0
       0
       0
       0
       0
       0
       0
       0
       0
       0
       0
       0
       1
       0
       0
       0
       0
       0
       0
       0
       0
       0
       0
       0
       0
       0
       0
       0
       0
       0
       0
       0
       0
       0
       0
       0
       1
       0
       0
       0
       0
       0
       0
       0
       0
       0
       0
       0
       0
       0
       0
       0
       0
       0
       0
       0
       0
       0
       0
       0
       0
       0
       0
       0
       1
       0
       0
       0
       0
       0
       0
       0
       0
       0
       0
       0
       0
       0
       0
       0
       0
       0
       0
       0
       0
       0
       0
       0
       0
       0
       0
       0
       0
       2
       0
       0
       0
       0
       0
       0
       0
       1
       0
       0
       0
       0
       0
       0
       0
       0
       0
       0
       0
       0
       0
       0
       0
       0
       0
       0
       0
       0
       0
       0
       0
       1
       0
       0
       0
       0
       0
       0
       0
       0
       0
       0
       0
       0
       0
       0
       0
       0
       0
       0
       0
       0
       0
       0
       0
       1
       0
       0
       0
       0
       0
       0
       0
       0
       0
       0
       0
       0
       0
       0
       0
       0
       0
       0
       0
       0
       0
       0
       0
       0
       0
       0
       0
       0
       0
       0
       0
       0
       0
       0
       0
       0
       0
       0
       0
       0
       0
       0
       0
       0
       0
       0
       0
       0
       0
       0
       0
       0
       0
       0
       0
       0
       0
       0
       0
       0
       0
       0
       0
       0
       0
       0
       0
       0
       0
       0
       0
       0
       0
       0
       0
       0
       0
       0
       0
       0
       0
       0
       0
       0
       0
       0
       0
       0
       0
       0
       0
       0
       0
       0
       0
       0
       0
       0
       0
       0
       0
       0
       0
       0
       0
       0
       0
       0
       0
       0
       0
       0
       0
       0
       0
       0
       0
       0
       0
       0
       0
       0
       0
       0
       0
       0
       0
       0
       0
       0
       0
       0
       0
       0
       0
       0
       0
       0
       0
       0
       0
       0
       0
       0
       0
       0
       0
       0
       0
       0
       0
       0
       0
       0
       0
       0
       0
       0
       0
       0
       0
       0
       0
       0
       0
       0
       0
       0
       0
       0
       0
       0
       0
       0
       0
       0
       0
       0
       0
       0
       0
       0
       0
       0
       0
       0
       0
       0
       0
       0
       0
       0
       0
       0
       0
       0
       0
       0
       0
       0
       0
       0
       0
       0
       0
       0
       0
       0
       0
       0
       0
       0
       0
       0
       0
       0
       0
       0
       0
       0
       0
       0
       0
       0
       0
       0
       0
       0
       0
       0
       0
       0
       0
       0
       0
       0
       0
       0
       0
       0
       0
       0
       0
       0
       0
       0
       0
       0
       0
       0
       0
       0
       0
       0
       0
       0
       0
       0
       0
       0
       0
       0
       0
       0
       0
       0
       0
       0
       0
       0
       0
$ROI:
0
$PRESETS:
Real Time
900
0
$ENER_FIT:
0.000000 0.000000
$MCA_CAL:
3
0.000000E+000 0.000000E+000 0.000000E+000 
$SHAPE_CAL:
3
0.000000E+000 0.000000E+000 0.000000E+000
