$SPEC_ID:
Cobalt
$SPEC_REM:
DET# 1
DETDESC# PHYS-593-E Easy-MCA-2k SN 08353242
AP# Maestro Version 7.01
$DATE_MEA:
10/22/2018 15:50:25
$MEAS_TIM:
473 473
$DATA:
0 2047
       0
       0
       0
       0
       0
       0
       0
       0
       0
       0
       0
       0
       0
       0
       0
       0
       0
       0
       0
       0
       0
       0
       0
       0
       0
       0
       0
       0
       0
       0
       0
       0
       0
       0
       0
       0
       0
       0
       0
       0
       0
       0
       0
       0
       0
       0
       0
       0
       0
       0
       0
       0
       0
       0
       0
       0
       0
       0
       0
       0
       0
       0
       0
       0
       0
       0
       0
       0
       0
       0
       0
       0
       1
       1
       1
       1
       1
       2
       3
       3
       1
       0
       3
       5
       1
       1
       4
       4
       2
       8
       1
       7
       2
       2
       6
       9
       1
       4
       4
       1
       6
       3
       5
       9
       5
       3
       6
       3
       8
       7
       5
       4
       6
       4
       4
       7
       5
       0
       4
       6
       7
       6
       7
       6
       4
       7
       5
       8
       7
       5
       1
       4
       4
       4
       1
       2
       3
       6
       7
       1
       2
       5
       3
       3
       6
       1
       5
       1
       3
       3
       6
       4
       6
       3
       5
       6
       4
       5
       2
       2
       2
       3
       1
       3
       2
       5
       3
       6
       3
       1
       1
       2
       6
       4
       3
       4
       3
       3
       4
       3
       4
       0
       5
       4
       4
       4
       3
       3
       0
       2
       1
       5
       5
       2
       4
       5
       6
       6
       0
       4
       3
       3
       2
       1
       3
       5
       2
       6
       5
       3
       4
       4
       2
       4
       2
       2
       4
       2
       1
       3
       2
       4
       2
       4
       3
       1
       1
       4
       2
       1
       1
       1
       1
       2
       6
       6
       1
       2
       4
       2
       2
       3
       2
       2
       2
       4
       0
       5
       1
       2
       1
       2
       4
       3
       3
       1
       3
       4
       1
       2
       0
       4
       4
       3
       2
       4
       3
       3
       2
       1
       7
       3
       3
       2
       2
       1
       2
       2
       0
       3
       3
       2
       2
       5
       4
       3
       1
       1
       1
       1
       3
       2
       1
       2
       0
       2
       6
       2
       2
       4
       4
       4
       1
       2
       4
       4
       2
       2
       2
       1
       4
       1
       1
       1
       5
       1
       7
       5
       4
       6
       3
       0
       4
       0
       4
       3
       4
       3
       3
       5
       4
       3
       1
       1
       2
       3
       0
       1
       4
       2
       1
       1
       1
       1
       4
       4
       1
       4
       4
       3
       0
       3
       0
       1
       0
       0
       0
       3
       2
       0
       3
       1
       2
       1
       2
       4
       1
       2
       1
       2
       1
       3
       0
       3
       1
       5
       3
       5
       2
       4
       2
       2
       2
       2
       2
       3
       2
       3
       2
       1
       0
       2
       3
       2
       3
       3
       1
       1
       6
       3
       2
       1
       2
       2
       6
       0
       3
       1
       1
       6
       4
       0
       3
       2
       1
       2
       3
       3
       1
       1
       1
       1
       3
       3
       2
       3
       0
       2
       2
       2
       0
       5
       2
       1
       2
       0
       4
       2
       4
       1
       1
       0
       2
       3
       2
       1
       0
       3
       4
       0
       2
       2
       3
       3
       3
       2
       3
       2
       2
       0
       2
       6
       2
       2
       0
       2
       3
       3
       1
       2
       1
       0
       5
       4
       4
       2
       2
       1
       1
       1
       1
       2
       3
       0
       0
       1
       0
       1
       3
       1
       0
       2
       3
       3
       0
       1
       1
       4
       3
       0
       3
       5
       0
       5
       3
       4
       1
       0
       2
       2
       3
       5
       1
       2
       2
       1
       4
       2
       3
       2
       1
       3
       2
       1
       1
       2
       3
       1
       0
       6
       3
       2
       1
       1
       1
       5
       0
       0
       1
       2
       2
       0
       0
       2
       2
       1
       3
       0
       4
       2
       2
       1
       4
       2
       4
       3
       6
       0
       3
       2
       1
       1
       0
       3
       6
       2
       1
       4
       0
       2
       1
       1
       1
       1
       0
       0
       1
       0
       2
       4
       0
       0
       1
       1
       2
       4
       0
       1
       1
       0
       2
       0
       5
       5
       1
       1
       1
       5
       3
       3
       3
       6
       1
       3
       1
       3
       1
       2
       1
       3
       4
       3
       3
       1
       3
       2
       1
       2
       1
       1
       2
       2
       3
       1
       1
       4
       3
       2
       3
       1
       0
       2
       1
       4
       3
       0
       1
       2
       3
       4
       0
       2
       1
       5
       1
       1
       1
       3
       3
       3
       3
       4
       4
       2
       1
       2
       2
       2
       2
       2
       2
       4
       3
       0
       2
       6
       1
       1
       2
       1
       3
       3
       1
       3
       0
       2
       1
       1
       5
       0
       2
       2
       0
       3
       1
       2
       1
       2
       0
       2
       1
       2
       2
       2
       3
       2
       2
       1
       1
       3
       1
       0
       2
       2
       4
       5
       0
       2
       0
       2
       1
       0
       3
       0
       2
       3
       3
       1
       0
       2
       2
       0
       3
       3
       3
       1
       2
       2
       5
       1
       1
       3
       2
       4
       5
       2
       2
       6
       2
       2
       1
       2
       5
       3
       1
       5
       2
       0
       2
       2
       4
       6
       3
       4
       1
       3
       5
       2
       3
       2
       2
       2
       2
       3
       1
       1
       4
       1
       1
       2
       4
       5
       2
       1
       1
       4
       2
       0
       8
       1
       4
       1
       1
       2
       2
       5
       4
       0
       3
       2
       3
       3
       4
       2
       2
       7
       0
       1
       2
       2
       0
       3
       5
       4
       5
       2
       1
       0
       5
       2
       2
       3
       2
       0
       1
       4
       3
       4
       3
       3
       2
       1
       3
       2
       4
       2
       1
       3
       3
       5
       3
       1
       6
       3
       1
       3
       2
       5
       0
       5
       2
       0
       0
       9
       1
       0
       3
       3
       1
       3
       4
       4
       1
       1
       2
       4
       1
       3
       2
       2
       0
       1
       7
       2
       2
       3
       3
       4
       3
       5
       1
       3
       3
       4
       4
       4
       2
       5
       4
       2
       2
       3
       3
       3
       6
       3
       4
       4
       4
       7
       6
       2
       2
       1
       1
       7
       5
       4
       5
       2
       1
       6
       1
       5
       2
       7
       9
       5
       6
       5
       6
       3
       5
       6
       3
       6
       6
       1
       7
       3
       3
       8
       4
       3
       8
       5
       5
       7
       6
       8
       7
       3
       3
       4
      10
       3
       4
       6
       6
       6
       5
       7
       5
       5
      10
      13
       6
       8
       6
      11
       6
       4
       9
      14
       6
       8
      13
      15
       9
      10
      14
       6
       9
       9
      12
       9
       7
       8
      10
      16
      12
      10
       8
      14
      15
      12
      13
       8
      11
      11
      17
      10
      11
      13
      17
      12
      10
      12
       9
      12
       6
      13
      10
      23
      17
      10
      14
      17
      10
      16
       8
      21
       7
      19
       8
       8
      10
      12
      15
      20
      16
      12
      14
      20
      14
       9
      18
      14
      12
       6
      14
      18
      18
      12
      11
       8
      12
      11
      13
       9
      11
      15
      11
      13
      17
       8
       7
      14
       9
      12
      15
       5
       8
       8
       6
      13
       6
      17
       8
       5
      15
      13
      12
      10
       7
      12
      11
      14
       7
      10
       5
       7
       8
       5
       6
       9
       8
      11
      11
       7
       8
       7
       6
       9
       6
       7
       2
       7
       1
       3
       3
       3
       7
       8
       9
       5
       6
       6
       7
       4
       7
      10
       8
       4
       9
      11
       6
       3
       5
       9
       4
       5
       5
       7
       4
       2
       6
       4
       0
       2
       6
       3
       3
       7
       3
       1
       4
       3
       4
       3
       1
       3
       3
       7
       5
       4
       1
       3
       4
       2
       1
       2
       1
       2
       2
       5
       4
       5
       5
       2
       0
       2
       2
       1
       2
       5
       1
       1
       0
       0
       4
       0
       0
       1
       2
       1
       1
       1
       1
       1
       0
       1
       0
       1
       0
       1
       0
       0
       0
       2
       3
       1
       0
       2
       0
       0
       2
       0
       1
       1
       2
       0
       0
       2
       1
       1
       1
       0
       1
       0
       0
       1
       0
       1
       0
       2
       0
       0
       0
       0
       0
       0
       0
       0
       1
       1
       1
       0
       0
       0
       0
       0
       0
       0
       0
       1
       0
       0
       1
       0
       0
       0
       0
       0
       0
       0
       0
       0
       0
       0
       0
       0
       0
       0
       0
       0
       0
       0
       0
       0
       0
       0
       0
       0
       0
       1
       1
       0
       0
       0
       0
       0
       0
       0
       1
       0
       0
       0
       1
       0
       0
       0
       0
       0
       0
       0
       0
       0
       0
       0
       0
       0
       0
       0
       0
       0
       0
       0
       0
       0
       0
       0
       0
       0
       0
       0
       0
       0
       0
       0
       0
       0
       0
       0
       0
       0
       0
       0
       0
       0
       0
       0
       0
       0
       0
       0
       0
       0
       0
       0
       0
       0
       0
       0
       0
       0
       1
       0
       0
       0
       0
       0
       0
       0
       0
       0
       0
       0
       0
       0
       0
       0
       0
       0
       0
       0
       0
       0
       0
       0
       0
       0
       0
       0
       0
       0
       0
       0
       0
       0
       0
       0
       0
       0
       0
       0
       0
       0
       0
       0
       0
       0
       0
       0
       0
       0
       0
       0
       0
       0
       0
       0
       0
       0
       0
       0
       0
       0
       0
       0
       0
       0
       0
       0
       0
       0
       0
       0
       0
       0
       0
       0
       0
       0
       0
       0
       0
       0
       0
       0
       0
       0
       0
       0
       0
       0
       0
       0
       0
       0
       0
       0
       0
       0
       0
       0
       0
       0
       0
       0
       0
       0
       0
       0
       0
       0
       0
       0
       0
       0
       0
       0
       0
       0
       0
       0
       0
       0
       0
       0
       0
       0
       0
       0
       0
       0
       0
       0
       0
       0
       0
       0
       0
       0
       0
       0
       0
       0
       0
       0
       0
       0
       0
       0
       0
       0
       0
       0
       0
       0
       0
       0
       0
       0
       0
       0
       0
       0
       0
       0
       0
       0
       0
       0
       0
       0
       0
       0
       0
       0
       0
       0
       0
       0
       0
       0
       0
       0
       0
       0
       0
       0
       0
       0
       0
       0
       0
       0
       0
       0
       0
       0
       0
       0
       0
       0
       0
       0
       0
       0
       0
       0
       0
       0
       0
       0
       0
       0
       0
       0
       0
       0
       0
       0
       0
       0
       0
       0
       0
       0
       0
       0
       0
       0
       0
       0
       0
       0
       0
       0
       0
       0
       0
       0
       0
       0
       0
       0
       0
       0
       0
       0
       0
       0
       0
       0
       0
       0
       0
       0
       0
       0
       0
       0
       0
       0
       0
       0
       0
       0
       0
       0
       0
       0
       0
       0
       0
       0
       0
       0
       0
       0
       0
       0
       0
       0
       0
       0
       0
       0
       0
       0
       0
       0
       0
       0
       0
       0
       0
       0
       0
       0
       0
       0
       0
       0
       0
       0
       0
       0
       0
       0
       0
       0
       0
       0
       0
       0
       0
       0
       0
       0
       0
       0
       0
       0
       0
       0
       0
       0
       0
       0
       0
       0
       0
       0
       0
       0
       0
       0
       0
       0
       0
       0
       0
       0
       0
       0
       0
       0
       0
       0
       0
       0
       0
       0
       0
       0
       0
       0
       0
       0
       0
       0
       0
       0
       0
       0
       0
       0
       0
       0
       0
       0
       0
       0
       0
       0
       0
       0
       0
       0
       0
       0
       0
       0
       0
       0
       0
       0
       0
       0
       0
       0
       0
       0
       0
       0
       0
       0
       0
       0
       0
       0
       0
       0
       0
       0
       0
       0
       0
       0
       0
       0
       0
       0
       0
       0
       0
       0
       0
       0
       0
       0
       0
       0
       0
       0
       0
       0
       0
       0
       0
       0
       0
       0
       0
       0
       0
       0
       0
       0
       0
       0
       0
       0
       0
       0
       0
       0
       0
       0
       0
       0
       0
       0
       0
       0
       0
       0
       0
       0
       0
       0
       0
       0
       0
       0
       0
       0
       0
       0
       0
       0
       0
       0
       0
       0
       0
       0
       0
       0
       0
       0
       0
       0
       0
       0
       0
       0
       0
       0
       0
       0
       0
       0
       0
       0
       0
       0
       0
       0
       0
       0
       0
       0
       0
       0
       0
       0
       0
       0
       0
       0
       0
       0
       0
       0
       0
       0
       0
       0
       0
       0
       0
       0
       0
       0
       0
       0
       0
       0
       0
       0
       0
       0
       0
       0
       0
       0
       0
       0
       0
       0
       0
       0
       0
       0
       0
       0
       0
       0
       0
       0
       0
       0
       0
       0
       0
       0
       0
       0
       0
       0
       0
       0
       0
       0
       0
       0
       0
       0
       0
       0
       0
       0
       0
       0
       0
       0
       0
       0
       0
       0
       0
       0
       0
       0
       0
       0
       0
       0
       0
       0
       0
       0
       0
       0
       0
       0
       0
       0
       0
       0
       0
       0
       0
       0
       0
       0
       0
       0
       0
       0
       0
       0
       0
       0
       0
       0
       0
       0
       0
       0
       0
       0
       0
       0
       0
       0
       0
       0
       0
       0
       0
       0
       0
       0
       0
       0
       0
       0
       0
       0
       0
       0
       0
       0
       0
       0
       0
       0
       0
       0
       0
       0
       0
       0
       0
       0
       0
       0
       0
       0
       0
       0
       0
       0
       0
       0
       0
       0
       0
       0
       0
       0
       0
       0
       0
       0
       0
       0
       0
       0
       0
       0
       0
       0
       0
       0
       0
       0
       0
       0
       0
       0
       0
       0
       0
       0
       0
       0
       0
       0
       0
       0
       0
       0
       0
       0
       0
       0
       0
       0
       0
       0
       0
       0
       0
       0
       0
       0
       0
       0
       0
       0
       0
       0
       0
       0
       0
       0
       0
       0
       0
       0
       0
       0
$ROI:
0
$PRESETS:
Real Time
900
0
$ENER_FIT:
0.000000 0.000000
$MCA_CAL:
3
0.000000E+000 0.000000E+000 0.000000E+000 
$SHAPE_CAL:
3
0.000000E+000 0.000000E+000 0.000000E+000
