96
74
79
80
78
72
88
84
83
77
66
82
74
81
75
62
63
69
71
76
56
69
68
71
61
67
55
56
77
76
67
43
65
67
62
76
72
61
77
44
57
71
80
64
69
68
64
58
46
76
63
50
63
70
67
74
61
69
67
60
63
53
64
57
64
57
63
60
52
65
59
49
62
63
59
59
47
52
59
78
52
76
62
57
61
47
57
53
70
54
57
49
67
58
63
54
59
60
62
55
48
59
45
66
59
56
55
57
75
42
73
74
60
55
49
58
61
53
53
51
52
63
59
48
69
56
55
49
52
52
49
45
57
53
41
60
63
57
62
54
43
46
65
55
46
38
66
56
52
45
60
45
45
53
56
64
61
43
48
56
54
60
58
50
58
51
44
42
56
35
51
37
72
53
48
48
54
55
51
40
56
41
45
56
41
44
64
53
50
43
56
46
41
51
62
64
39
50
62
41
45
43
50
63
47
45
36
52
52
46
49
57
43
38
53
41
58
56
47
48
51
47
27
56
48
40
60
61
60
41
48
50
48
43
55
48
46
45
44
43
51
50
52
53
45
46
52
52
48
46
54
51
47
56
52
66
41
42
56
46
49
44
57
58
48
46
47
43
59
44
53
54
56
51
39
52
46
58
60
43
55
52
53
42
45
46
47
39
45
59
67
58
51
42
56
43
49
40
58
58
38
55
53
48
40
43
48
56
51
47
41
58
42
64
41
49
49
53
54
48
42
39
62
56
39
50
43
41
43
45
51
39
43
62
55
52
62
43
56
54
50
50
74
41
45
62
38
59
52
58
64
41
35
47
36
58
52
46
31
51
53
48
42
50
34
49
46
54
53
49
49
37
57
45
50
59
45
44
53
52
53
51
48
51
46
57
44
48
40
43
40
48
46
49
48
47
49
47
58
51
46
41
51
46
37
45
40
57
45
40
52
64
51
47
48
42
54
41
53
37
43
44
49
37
44
36
60
40
50
52
40
46
48
46
40
52
54
47
52
51
49
56
62
49
43
40
40
49
38
46
43
54
40
40
43
48
47
39
48
49
64
49
62
36
38
42
45
46
47
48
47
57
51
46
45
39
58
51
55
47
48
45
53
64
50
44
53
58
47
47
52
45
34
45
50
44
43
51
48
48
40
44
37
43
50
48
50
45
36
34
48
47
51
50
51
45
39
43
51
43
46
50
33
33
44
51
38
46
52
39
53
47
37
36
42
49
43
58
45
48
40
42
58
41
64
45
36
39
65
46
40
42
33
34
44
46
42
44
41
54
39
44
45
44
45
66
46
36
48
48
34
43
46
42
41
35
42
49
49
50
56
61
35
54
53
53
41
48
35
40
44
50
43
45
40
48
46
49
58
42
44
41
32
44
45
37
51
40
47
41
49
52
55
43
43
51
47
39
45
49
43
49
42
45
44
42
56
36
29
45
40
47
40
37
44
43
43
50
58
42
47
47
67
46
43
46
56
58
45
56
42
43
44
42
41
35
35
41
45
46
45
46
50
37
32
46
37
47
42
37
21
0
0
0
0
0
0
0
0
0
0
0
0
0
0
0
0
0
0
0
0
0
0
0
0
0
0
0
0
0
0
0
0
0
0
0
0
0
0
0
0
0
0
0
0
0
0
0
0
0
0
0
0
0
0
0
0
0
0
0
0
0
0
0
0
0
0
0
0
0
0
0
0
0
0
0
0
0
0
0
0
0
0
0
0
0
0
0
0
0
0
0
0
0
0
0
0
0
0
0
0
0
0
0
0
0
0
0
0
0
0
0
0
0
0
0
0
0
0
0
0
0
0
0
0
0
0
0
0
0
0
0
0
0
0
0
0
0
0
0
0
0
0
0
0
0
0
0
0
0
0
0
0
0
0
0
0
0
0
0
0
0
0
0
0
0
0
0
0
0
0
0
0
0
0
0
0
0
0
0
0
0
0
0
0
0
0
0
0
0
0
0
0
0
0
0
0
0
0
0
0
0
0
0
0
0
0
0
0
0
0
0
0
0
0
0
0
0
0
0
0
0
0
0
0
0
0
0
0
0
0
0
0
0
0
0
0
0
0
0
0
0
0
0
0
0
0
0
0
0
0
0
0
0
0
0
0
0
0
0
0
0
0
0
0
0
0
0
0
0
0
0
0
0
0
0
0
0
0
0
0
0
0
0
0
0
0
0
0
0
0
0
0
0
0
0
0
0
0
0
0
0
0
0
0
0
0
0
0
0
0
0
0
0
0
0
0
0
0
0
0
0
0
0
0
0
0
0
0
0
0
0
0
0
0
0
0
0
0
0
0
0
0
0
0
0
0
0
0
0
0
0
